3
10
96 42 11 82 77 47 96 55 0 65 
5 97 40 34 55 53 80 1 93 17 
0 3 63 43 9 65 99 80 10 29 
49 69 33 77 58 49 10 8 63 42 
11 90 22 2 36 1 17 19 46 77 
90 15 30 78 78 17 80 0 29 38 
85 3 62 5 18 65 60 64 8 36 
15 76 13 1 83 60 31 27 85 6 
66 67 55 21 74 2 62 41 11 22 
86 20 45 15 80 89 44 29 87 15 

11 8 99 53 44 58 9 52 25 88 
88 8 85 84 39 86 20 75 96 30 
7 27 70 22 47 5 91 20 50 1 
7 43 86 47 51 78 22 75 86 88 
64 21 59 36 98 3 29 85 18 1 
14 80 37 28 10 61 15 34 76 36 
60 85 39 8 3 30 45 5 23 10 
54 59 5 96 17 61 24 71 16 24 
45 92 22 24 35 30 5 11 87 97 
91 86 4 83 92 96 19 27 38 38 

38 14 61 59 84 57 14 96 4 94 
91 86 83 3 18 46 61 52 90 72 
19 54 25 55 34 30 44 40 31 0 
37 9 59 21 77 27 27 82 36 85 
92 0 33 16 87 69 15 75 44 27 
94 71 88 77 95 99 82 28 95 83 
12 59 35 53 83 1 87 50 30 4 
93 17 59 43 41 38 83 33 84 50 
19 96 28 85 25 35 50 46 1 16 
21 48 56 27 19 59 32 48 1 70 

28 0 14 91 89 10 14 18 43 62 
74 53 28 19 40 59 52 50 59 82 
49 62 7 38 30 18 26 15 77 36 
81 37 8 99 81 19 31 98 17 93 
42 56 35 75 10 30 12 76 7 91 
62 70 47 35 10 64 40 24 95 88 
16 1 89 52 58 36 9 17 80 72 
33 98 12 1 26 66 11 74 49 49 
73 79 97 90 1 23 55 8 95 28 
55 20 65 72 25 74 11 85 50 89 

95 86 85 70 60 7 96 35 26 81 
32 55 9 4 68 15 10 66 52 29 
39 80 19 1 26 50 90 55 97 15 
57 81 36 16 88 53 37 14 53 54 
50 90 13 92 9 81 90 38 62 67 
3 29 58 97 11 94 8 2 34 84 
6 14 32 75 59 96 67 55 20 40 
55 46 24 89 99 6 43 53 76 21 
24 50 46 69 61 2 96 84 1 83 
98 57 61 68 91 25 10 11 36 79 

93 65 82 62 22 87 86 66 54 89 
28 65 93 51 60 78 64 96 93 33 
8 40 64 46 98 68 53 69 14 79 
51 81 52 13 39 65 18 46 16 5 
31 93 63 34 35 5 22 54 15 72 
18 54 46 71 96 81 6 15 41 47 
14 15 42 14 42 64 27 49 22 41 
1 49 49 29 65 18 33 71 56 85 
76 10 71 81 33 15 97 46 80 40 
3 28 92 64 36 50 2 68 73 70 

72 92 53 19 65 30 17 9 9 14 
26 58 78 5 27 57 64 72 92 50 
50 82 42 34 69 49 13 28 37 94 
61 16 5 43 32 10 30 54 85 76 
37 54 36 94 17 90 92 56 98 98 
98 13 1 1 8 97 59 99 86 73 
34 86 73 79 94 2 37 21 87 81 
56 44 82 64 89 76 53 53 8 50 
13 47 24 45 95 10 9 19 98 64 
73 62 6 56 51 69 16 18 89 4 

43 40 21 48 47 58 56 50 39 28 
69 58 19 78 44 45 0 44 48 40 
56 67 70 26 80 3 56 87 42 88 
51 26 22 73 14 18 16 82 7 0 
14 88 69 2 92 49 27 95 49 24 
85 33 79 40 27 77 95 17 41 27 
62 77 4 43 44 69 61 31 22 31 
15 44 74 27 84 2 84 40 56 46 
2 30 23 7 89 47 99 20 4 93 
6 87 31 83 14 87 49 31 36 70 

29 34 9 6 54 6 51 3 25 69 
71 56 30 45 31 96 33 93 85 59 
2 51 12 87 96 77 69 41 26 70 
2 21 96 29 65 24 6 25 34 8 
73 51 23 94 30 10 30 19 98 12 
41 84 64 70 26 34 67 42 81 44 
52 96 39 61 68 53 61 60 51 29 
12 29 0 23 60 44 74 47 8 55 
85 41 50 25 36 30 69 80 84 50 
71 9 87 11 17 75 26 50 21 29 

33 58 72 71 42 52 19 62 19 5 
43 91 0 50 72 31 92 7 80 72 
3 39 38 33 79 98 75 44 35 2 
27 65 75 35 55 29 35 85 21 83 
14 75 75 69 66 21 5 64 63 87 
62 28 88 72 89 14 41 44 60 30 
85 24 42 26 92 75 33 53 21 35 
36 65 90 97 76 81 83 8 47 30 
0 46 60 7 28 96 95 46 76 87 
23 69 79 83 16 17 22 1 63 21 


44 49 93 21 13 81 47 94 98 97 
38 62 47 37 83 52 47 43 35 70 
16 97 10 16 8 66 62 39 14 17 
34 81 23 26 94 59 52 26 51 24 
7 10 70 84 31 85 23 50 96 4 
26 52 75 93 72 90 7 54 54 65 
39 54 22 8 34 60 32 90 43 86 
53 47 29 42 39 21 63 45 32 55 
71 78 31 63 9 42 30 27 95 47 
82 17 47 82 21 98 56 99 2 14 

69 73 49 11 75 83 78 6 67 57 
29 32 37 72 51 50 46 19 80 92 
40 16 80 96 62 36 13 28 4 41 
39 27 71 34 29 59 6 92 50 33 
94 8 42 10 89 6 47 67 32 21 
31 36 8 75 69 74 82 74 71 27 
40 41 70 9 61 69 63 82 85 33 
71 69 46 82 32 29 46 15 31 71 
7 90 97 45 34 89 41 63 7 56 
58 68 9 72 60 37 88 41 52 73 

68 96 77 49 56 28 43 70 31 97 
42 10 14 21 41 56 12 23 63 26 
29 85 2 81 2 77 17 27 43 1 
46 98 14 1 45 97 34 4 90 22 
16 36 92 16 16 24 78 26 96 22 
54 73 5 77 14 39 51 15 44 83 
4 27 34 79 80 77 24 27 79 77 
56 76 45 55 79 53 49 70 86 67 
3 58 46 58 42 70 4 9 42 94 
6 56 81 40 77 38 55 60 86 78 

58 30 47 16 8 62 10 22 97 63 
21 59 54 29 42 20 60 66 41 0 
45 16 32 3 53 56 71 55 87 17 
48 33 87 19 34 82 33 90 89 47 
11 20 23 12 64 43 67 72 28 88 
62 45 21 16 29 4 72 75 52 58 
70 80 78 96 95 20 59 56 52 42 
88 74 74 8 41 94 19 53 78 7 
38 82 96 29 15 34 21 68 62 74 
46 19 47 15 73 51 54 60 28 51 

12 50 46 33 50 16 79 14 59 4 
55 44 40 12 46 63 53 96 88 64 
88 35 67 46 82 59 57 51 11 18 
31 20 99 88 97 27 85 56 16 31 
56 40 97 11 7 18 62 27 54 50 
72 40 43 63 51 62 37 73 46 95 
17 96 52 94 43 14 77 25 52 84 
35 15 0 10 25 5 72 75 29 35 
69 43 57 18 9 16 0 72 73 0 
89 93 10 37 41 67 27 8 32 97 

81 90 49 35 97 73 44 99 87 98 
66 91 28 29 30 54 43 46 10 67 
20 46 59 70 87 26 86 98 21 75 
57 15 77 45 46 47 57 34 44 14 
25 36 14 78 65 87 86 74 20 54 
89 37 52 15 28 79 74 69 49 76 
4 88 22 57 38 60 70 26 73 70 
22 59 64 90 28 31 34 75 85 98 
1 3 60 45 22 86 64 98 75 45 
58 88 99 0 1 12 61 25 49 6 

37 21 90 33 59 21 58 62 25 45 
65 80 78 51 75 99 1 17 91 9 
32 20 92 3 48 48 59 91 34 64 
51 26 88 49 46 82 93 73 88 6 
77 2 83 25 88 30 58 49 0 30 
8 28 19 38 30 45 51 96 93 55 
15 78 42 72 29 92 67 91 74 47 
30 16 43 20 37 75 14 78 84 3 
5 2 20 11 79 3 54 43 35 87 
92 78 67 66 59 16 69 40 64 36 

14 4 11 19 12 72 20 62 58 42 
50 85 28 8 34 39 37 21 92 95 
98 12 69 61 6 49 13 27 65 86 
85 51 70 70 65 70 37 38 8 87 
3 23 75 11 90 43 27 1 68 63 
42 1 67 38 40 42 66 64 71 34 
77 41 24 54 67 30 55 92 23 50 
8 63 13 68 7 98 31 40 83 0 
16 63 14 45 38 57 91 25 99 89 
47 42 79 87 81 16 70 72 39 77 

17 80 54 65 51 60 94 82 38 40 
8 21 40 18 15 60 30 94 51 39 
66 5 6 37 8 68 86 99 86 9 
66 35 14 33 40 20 76 70 13 83 
37 42 44 1 64 32 32 78 0 64 
36 99 61 51 78 0 37 91 36 11 
55 82 67 37 25 61 89 26 82 77 
63 80 72 81 67 13 40 65 8 28 
8 47 53 1 54 48 60 69 3 44 
46 45 57 47 18 3 68 76 27 57 

12 2 38 56 73 65 62 58 25 88 
32 22 93 22 80 5 89 16 30 74 
24 75 1 9 91 22 41 28 95 59 
33 19 24 55 59 10 20 74 71 0 
33 89 19 62 71 93 38 32 51 18 
68 98 66 61 7 3 89 68 14 79 
3 42 89 5 13 55 3 21 77 62 
49 29 62 2 79 13 6 25 34 39 
57 85 99 34 94 65 14 85 44 4 
21 58 29 26 65 16 64 35 60 44 