4
10
96 42 11 82 77 47 96 55 0 65 
5 97 40 34 55 53 80 1 93 17 
0 3 63 43 9 65 99 80 10 29 
49 69 33 77 58 49 10 8 63 42 
11 90 22 2 36 1 17 19 46 77 
90 15 30 78 78 17 80 0 29 38 
85 3 62 5 18 65 60 64 8 36 
15 76 13 1 83 60 31 27 85 6 
66 67 55 21 74 2 62 41 11 22 
86 20 45 15 80 89 44 29 87 15 

11 8 99 53 44 58 9 52 25 88 
88 8 85 84 39 86 20 75 96 30 
7 27 70 22 47 5 91 20 50 1 
7 43 86 47 51 78 22 75 86 88 
64 21 59 36 98 3 29 85 18 1 
14 80 37 28 10 61 15 34 76 36 
60 85 39 8 3 30 45 5 23 10 
54 59 5 96 17 61 24 71 16 24 
45 92 22 24 35 30 5 11 87 97 
91 86 4 83 92 96 19 27 38 38 

38 14 61 59 84 57 14 96 4 94 
91 86 83 3 18 46 61 52 90 72 
19 54 25 55 34 30 44 40 31 0 
37 9 59 21 77 27 27 82 36 85 
92 0 33 16 87 69 15 75 44 27 
94 71 88 77 95 99 82 28 95 83 
12 59 35 53 83 1 87 50 30 4 
93 17 59 43 41 38 83 33 84 50 
19 96 28 85 25 35 50 46 1 16 
21 48 56 27 19 59 32 48 1 70 

28 0 14 91 89 10 14 18 43 62 
74 53 28 19 40 59 52 50 59 82 
49 62 7 38 30 18 26 15 77 36 
81 37 8 99 81 19 31 98 17 93 
42 56 35 75 10 30 12 76 7 91 
62 70 47 35 10 64 40 24 95 88 
16 1 89 52 58 36 9 17 80 72 
33 98 12 1 26 66 11 74 49 49 
73 79 97 90 1 23 55 8 95 28 
55 20 65 72 25 74 11 85 50 89 

95 86 85 70 60 7 96 35 26 81 
32 55 9 4 68 15 10 66 52 29 
39 80 19 1 26 50 90 55 97 15 
57 81 36 16 88 53 37 14 53 54 
50 90 13 92 9 81 90 38 62 67 
3 29 58 97 11 94 8 2 34 84 
6 14 32 75 59 96 67 55 20 40 
55 46 24 89 99 6 43 53 76 21 
24 50 46 69 61 2 96 84 1 83 
98 57 61 68 91 25 10 11 36 79 

93 65 82 62 22 87 86 66 54 89 
28 65 93 51 60 78 64 96 93 33 
8 40 64 46 98 68 53 69 14 79 
51 81 52 13 39 65 18 46 16 5 
31 93 63 34 35 5 22 54 15 72 
18 54 46 71 96 81 6 15 41 47 
14 15 42 14 42 64 27 49 22 41 
1 49 49 29 65 18 33 71 56 85 
76 10 71 81 33 15 97 46 80 40 
3 28 92 64 36 50 2 68 73 70 

72 92 53 19 65 30 17 9 9 14 
26 58 78 5 27 57 64 72 92 50 
50 82 42 34 69 49 13 28 37 94 
61 16 5 43 32 10 30 54 85 76 
37 54 36 94 17 90 92 56 98 98 
98 13 1 1 8 97 59 99 86 73 
34 86 73 79 94 2 37 21 87 81 
56 44 82 64 89 76 53 53 8 50 
13 47 24 45 95 10 9 19 98 64 
73 62 6 56 51 69 16 18 89 4 

43 40 21 48 47 58 56 50 39 28 
69 58 19 78 44 45 0 44 48 40 
56 67 70 26 80 3 56 87 42 88 
51 26 22 73 14 18 16 82 7 0 
14 88 69 2 92 49 27 95 49 24 
85 33 79 40 27 77 95 17 41 27 
62 77 4 43 44 69 61 31 22 31 
15 44 74 27 84 2 84 40 56 46 
2 30 23 7 89 47 99 20 4 93 
6 87 31 83 14 87 49 31 36 70 

29 34 9 6 54 6 51 3 25 69 
71 56 30 45 31 96 33 93 85 59 
2 51 12 87 96 77 69 41 26 70 
2 21 96 29 65 24 6 25 34 8 
73 51 23 94 30 10 30 19 98 12 
41 84 64 70 26 34 67 42 81 44 
52 96 39 61 68 53 61 60 51 29 
12 29 0 23 60 44 74 47 8 55 
85 41 50 25 36 30 69 80 84 50 
71 9 87 11 17 75 26 50 21 29 

33 58 72 71 42 52 19 62 19 5 
43 91 0 50 72 31 92 7 80 72 
3 39 38 33 79 98 75 44 35 2 
27 65 75 35 55 29 35 85 21 83 
14 75 75 69 66 21 5 64 63 87 
62 28 88 72 89 14 41 44 60 30 
85 24 42 26 92 75 33 53 21 35 
36 65 90 97 76 81 83 8 47 30 
0 46 60 7 28 96 95 46 76 87 
23 69 79 83 16 17 22 1 63 21 


6 61 83 86 51 15 99 85 66 4 
86 50 37 96 64 97 86 24 17 81 
89 48 34 66 6 83 95 6 37 86 
71 77 93 27 64 31 58 41 17 44 
81 20 65 62 28 8 83 9 39 90 
49 9 5 3 62 50 79 24 97 51 
34 29 1 97 26 47 62 35 11 94 
39 20 66 67 83 93 33 39 12 26 
77 66 82 10 93 18 52 54 36 34 
43 41 1 11 70 4 64 90 76 40 

61 53 49 84 81 9 50 54 83 69 
7 4 0 22 51 46 24 77 11 63 
85 22 27 91 45 68 90 28 71 67 
16 86 68 67 77 77 59 50 27 0 
6 77 45 39 60 42 75 18 43 76 
71 35 56 68 31 7 41 38 95 58 
88 84 32 12 91 1 45 45 26 36 
87 98 84 19 19 39 30 75 78 42 
27 36 84 25 48 71 61 15 10 29 
64 41 95 8 56 47 98 60 65 44 

3 0 41 61 2 85 62 64 94 83 
28 38 66 9 35 97 25 54 65 69 
10 38 32 35 80 29 1 34 17 50 
53 43 49 96 18 38 72 5 84 83 
63 72 32 35 6 7 37 37 0 4 
50 99 72 79 49 72 75 80 54 62 
52 71 71 79 45 42 79 70 2 11 
12 15 79 51 62 98 86 60 30 34 
75 23 22 61 95 79 7 99 93 24 
68 73 91 16 25 1 79 59 70 29 

93 25 54 39 31 54 37 57 65 6 
76 42 31 60 74 20 1 71 74 54 
77 56 92 99 39 47 12 23 95 97 
77 40 67 86 78 50 5 74 23 54 
30 83 95 89 94 11 56 3 18 68 
34 4 76 89 3 15 97 27 56 34 
55 27 52 39 23 67 26 2 49 55 
87 37 20 29 85 79 65 4 40 41 
4 78 80 37 23 38 62 48 44 11 
97 21 1 33 22 9 82 12 67 48 

42 54 13 91 31 38 97 44 38 43 
3 42 92 52 56 55 38 8 63 13 
6 27 15 57 0 69 5 41 18 10 
97 25 26 90 37 87 59 2 38 32 
11 46 65 67 84 9 94 68 20 61 
14 4 15 52 65 97 89 94 83 41 
90 49 90 8 28 20 21 20 31 95 
60 25 39 60 84 42 57 62 12 9 
91 36 6 2 33 37 93 99 86 7 
66 49 92 74 34 97 65 39 94 60 

42 24 12 71 36 22 27 77 35 28 
86 96 11 26 32 36 88 13 84 51 
15 74 49 66 6 54 71 48 41 91 
13 51 88 54 1 45 83 62 75 68 
74 78 77 28 54 96 99 21 16 12 
84 37 80 3 80 41 47 1 98 47 
53 72 48 40 72 86 13 28 75 53 
55 63 18 79 97 69 26 56 86 91 
53 70 52 64 34 88 16 44 67 3 
5 67 65 58 72 13 78 43 86 63 

30 9 54 85 28 89 12 18 84 80 
78 33 80 91 41 86 9 21 1 88 
46 68 39 35 14 32 64 1 98 15 
51 62 2 76 94 89 46 51 95 61 
6 54 14 72 52 4 41 63 55 51 
56 42 50 40 33 7 50 66 69 29 
26 28 5 15 35 61 10 46 50 58 
91 26 79 57 31 74 25 29 47 94 
14 26 63 37 62 48 64 98 20 45 
46 13 74 53 90 8 7 80 10 36 

68 77 63 29 34 39 45 4 50 97 
9 96 91 39 50 73 11 3 29 10 
58 97 57 80 11 47 35 89 24 28 
55 96 8 42 84 53 6 51 4 71 
60 40 66 74 62 68 7 85 64 57 
31 96 13 1 82 36 42 90 59 50 
18 91 35 45 3 0 64 24 47 98 
49 72 64 52 78 48 25 25 16 60 
24 59 13 70 61 90 8 54 28 99 
14 58 39 0 6 80 76 23 74 2 

67 98 10 99 63 48 97 69 41 97 
85 82 20 55 55 34 53 97 88 53 
46 81 59 33 23 52 59 74 95 77 
90 73 95 6 71 88 64 14 24 27 
29 60 17 71 19 16 60 4 64 91 
73 6 1 12 19 76 23 40 74 57 
59 6 15 79 72 19 2 86 45 32 
42 64 49 57 67 21 40 50 38 39 
4 60 84 65 49 98 57 56 71 82 
80 17 82 28 53 35 78 67 45 95 

81 85 60 97 11 69 34 16 11 89 
16 26 23 8 78 63 49 2 46 40 
31 1 53 35 14 32 53 77 4 45 
90 45 62 49 0 18 3 49 40 24 
65 90 15 94 53 5 53 87 51 79 
29 82 20 93 72 20 27 7 29 66 
46 30 74 70 5 76 99 72 95 84 
87 57 66 9 18 31 98 19 31 98 
91 75 38 13 17 4 6 71 30 21 
7 17 17 30 78 41 56 63 16 79 


78 89 49 10 44 31 87 9 37 57 
20 36 66 22 27 67 89 43 73 69 
36 21 1 79 74 5 34 75 92 35 
51 29 16 30 77 59 51 88 67 94 
4 40 92 44 12 60 86 55 14 96 
88 57 40 96 65 1 42 13 56 75 
40 84 25 85 29 82 89 62 37 89 
53 24 84 83 50 62 46 74 90 14 
93 42 40 15 18 83 0 68 49 25 
13 95 86 34 80 0 49 11 2 70 

36 45 13 72 68 67 89 45 35 56 
32 93 55 22 83 30 97 59 40 78 
82 94 11 99 70 13 15 35 15 80 
53 22 38 66 13 91 93 19 76 2 
77 53 26 15 50 91 9 10 47 78 
24 60 6 21 49 32 91 22 26 10 
36 83 19 45 22 78 96 64 17 36 
13 48 6 25 60 60 93 95 90 30 
16 11 47 67 66 87 76 40 58 19 
57 20 28 62 59 82 52 92 22 68 

66 71 94 30 81 76 33 88 15 31 
46 2 60 50 57 74 77 70 61 76 
54 80 0 1 22 90 50 70 90 44 
42 22 68 43 45 71 72 91 23 40 
28 17 26 93 12 15 60 26 82 57 
40 31 31 89 18 3 63 30 12 9 
13 78 13 2 25 76 92 30 82 82 
52 51 10 56 5 46 41 96 33 55 
63 77 42 31 31 29 52 3 62 37 
77 89 12 29 89 57 67 7 93 38 

5 12 48 23 26 81 96 78 60 6 
44 1 49 73 52 71 31 18 2 41 
54 36 45 62 26 7 36 33 21 81 
23 82 40 34 94 75 50 2 30 4 
37 78 24 12 75 71 49 4 54 84 
18 48 23 19 18 14 39 34 61 60 
43 86 37 86 85 43 33 75 93 15 
69 71 26 23 55 75 19 47 8 99 
55 48 85 97 69 94 94 99 75 60 
62 85 1 38 17 54 84 64 25 0 

26 84 64 45 62 73 96 6 94 10 
87 87 66 93 66 89 92 17 61 99 
23 48 35 69 3 45 96 14 37 58 
5 47 73 6 82 62 31 77 69 48 
77 15 79 88 40 19 45 44 87 10 
56 27 35 6 2 28 52 57 24 99 
95 63 41 63 9 97 98 57 80 89 
22 66 13 10 72 6 84 11 28 53 
0 8 27 83 81 42 42 33 83 96 
57 26 72 66 64 43 21 67 68 8 

27 56 58 28 37 0 80 87 15 5 
76 97 51 98 19 21 8 20 72 59 
78 56 89 10 1 85 68 27 2 92 
36 21 95 63 46 29 86 82 80 33 
65 59 4 57 16 80 15 2 99 30 
92 22 96 7 1 58 10 52 7 24 
11 81 62 40 0 11 81 24 89 54 
75 9 81 3 23 16 88 64 32 64 
27 30 60 38 89 41 56 53 64 29 
87 73 95 31 93 13 75 29 1 85 

11 58 81 8 71 84 35 38 98 11 
17 12 71 27 12 14 43 94 87 21 
95 68 66 14 28 56 53 89 13 48 
34 52 90 6 52 87 85 30 66 16 
73 44 44 54 55 34 68 70 84 87 
4 35 82 92 14 95 84 18 26 89 
75 22 61 6 69 85 20 66 43 3 
23 97 42 40 41 53 5 64 20 16 
69 66 78 44 46 31 1 81 48 16 
2 58 97 26 97 10 99 56 12 99 

51 32 11 48 34 1 39 96 85 6 
20 49 45 98 61 20 80 17 66 54 
34 42 18 14 17 39 40 57 98 47 
57 24 24 84 10 48 98 22 32 72 
8 87 52 38 4 13 57 2 82 76 
76 42 66 95 53 0 31 14 36 89 
90 53 44 33 93 71 38 96 30 7 
10 48 47 28 68 75 24 10 87 98 
56 2 35 3 41 52 18 97 64 53 
47 42 61 43 99 81 63 2 81 68 

68 78 22 56 4 22 43 26 21 5 
63 28 70 77 40 78 19 47 35 31 
17 43 69 17 39 63 9 81 26 36 
56 27 75 20 82 2 56 12 68 20 
3 14 79 45 57 76 47 93 82 37 
17 68 37 52 13 69 8 81 30 48 
59 53 33 81 13 36 10 56 88 9 
33 21 61 32 33 30 57 52 35 10 
56 82 2 69 99 47 8 77 75 64 
94 54 35 46 43 22 54 21 43 50 

21 79 17 3 70 54 15 68 18 72 
22 17 98 36 81 89 87 37 77 49 
8 64 15 77 98 99 95 52 6 92 
78 95 53 22 24 31 31 60 80 32 
91 3 51 85 96 97 10 92 76 46 
89 86 77 67 88 87 86 19 50 46 
85 72 36 10 30 66 38 40 2 24 
62 71 58 37 98 6 80 30 95 33 
1 50 55 7 54 49 48 69 14 67 
94 99 4 43 73 30 28 19 22 41 


14 45 14 21 72 96 13 93 76 70 
65 81 80 80 82 31 16 63 42 63 
76 85 7 60 67 38 82 29 23 68 
36 6 79 35 6 40 63 25 8 6 
67 12 67 63 4 52 35 44 28 40 
35 70 9 68 32 98 71 48 52 85 
46 0 48 0 29 15 24 62 32 55 
57 63 16 24 26 29 99 10 26 75 
54 23 28 16 20 77 29 10 56 13 
48 60 76 46 85 62 16 70 75 58 

61 24 28 35 25 20 95 72 54 78 
96 31 29 61 91 51 59 43 67 24 
31 18 80 50 65 78 20 77 14 6 
62 10 86 61 35 97 34 46 10 1 
77 40 93 99 8 17 16 92 84 7 
91 39 24 91 33 13 77 12 22 30 
69 54 27 91 4 84 7 24 60 69 
12 8 87 12 83 44 94 90 1 38 
84 4 97 74 47 2 29 53 82 30 
64 19 77 84 95 35 44 23 71 2 

97 82 67 95 5 16 52 32 0 11 
39 80 89 29 5 82 88 82 57 10 
55 36 65 92 84 65 1 11 1 54 
23 61 5 72 25 77 60 91 33 42 
38 93 5 81 48 65 23 35 26 43 
41 83 37 30 9 88 85 38 89 49 
58 60 96 62 55 73 82 2 82 90 
58 42 63 85 3 41 0 95 50 71 
19 6 53 22 94 79 43 47 6 11 
19 23 6 68 80 66 37 1 85 78 

88 35 84 37 67 52 5 57 98 72 
70 30 14 49 59 31 90 78 49 16 
68 54 1 88 42 82 50 71 47 17 
0 5 15 68 3 37 58 48 56 62 
1 62 60 68 5 66 86 0 7 70 
6 85 52 27 74 10 86 78 57 6 
36 72 49 76 42 19 58 64 90 74 
32 91 60 69 68 84 52 79 29 58 
58 71 85 31 30 43 94 85 4 76 
82 29 68 88 68 21 27 95 32 92 

83 78 70 84 70 50 72 90 93 90 
76 40 9 20 13 56 99 78 2 47 
74 28 30 86 97 36 93 81 63 95 
17 77 42 38 69 68 35 41 67 40 
60 41 57 55 75 1 59 61 37 46 
88 53 15 45 78 98 67 92 14 97 
2 86 29 15 50 25 79 18 77 76 
2 46 66 45 89 21 42 5 6 90 
33 99 99 7 33 84 62 8 72 8 
49 5 89 14 83 56 73 34 29 0 

29 2 18 72 16 4 63 56 72 4 
80 29 20 77 56 64 66 82 76 27 
87 10 92 7 42 25 24 27 69 46 
33 15 28 36 4 2 98 94 83 7 
16 99 38 90 34 85 99 71 50 88 
26 97 7 15 44 68 7 54 98 57 
32 56 46 15 39 2 46 90 43 95 
32 53 35 88 3 69 91 23 58 86 
93 15 41 96 15 24 7 38 36 79 
24 31 79 6 96 86 33 33 12 63 

73 79 69 27 48 1 60 41 38 80 
91 75 72 3 90 68 58 48 68 36 
87 42 21 90 34 97 88 54 33 49 
80 91 68 69 19 6 95 5 35 80 
69 98 3 23 67 64 94 38 98 51 
65 76 9 82 33 17 44 13 25 40 
60 91 63 21 41 31 82 71 94 40 
20 82 29 68 31 50 64 50 75 40 
48 23 32 25 52 57 27 40 35 63 
16 15 7 59 41 99 24 71 21 86 

14 97 83 1 98 90 82 99 22 24 
62 52 2 94 72 48 24 31 35 78 
49 99 25 72 61 63 77 62 95 55 
37 57 1 72 21 21 23 5 23 1 
26 59 36 35 30 51 45 32 97 82 
7 92 28 32 27 87 53 61 72 74 
38 73 34 82 9 6 72 0 48 51 
69 85 40 64 94 18 16 67 48 86 
66 27 44 90 11 72 35 54 55 92 
9 85 6 28 6 16 59 14 74 48 

97 69 81 59 47 89 66 86 78 30 
80 60 94 95 78 54 67 11 52 88 
74 7 3 64 59 70 94 84 57 57 
27 15 40 47 50 43 65 17 48 2 
28 51 56 63 19 1 36 40 48 72 
75 74 70 8 25 77 36 80 68 57 
67 85 80 84 17 30 24 84 48 64 
8 30 75 40 57 35 60 33 98 72 
78 60 59 1 90 84 60 46 81 82 
35 15 90 92 70 56 19 55 14 89 

23 54 92 22 38 63 74 25 31 52 
35 2 78 37 14 48 52 24 6 69 
3 73 15 41 69 0 6 10 64 28 
26 20 82 26 95 88 31 27 13 98 
65 86 5 60 48 51 17 56 20 44 
29 17 47 11 68 42 12 9 28 90 
11 2 65 32 92 56 14 86 73 21 
11 26 95 44 58 52 27 49 65 33 
15 31 66 90 18 80 78 56 99 0 
86 78 11 62 65 37 37 9 89 95 


14 41 39 17 50 47 22 55 56 13 
17 2 71 63 15 73 86 74 64 15 
14 56 39 74 32 18 90 57 36 27 
30 34 66 46 52 50 76 55 21 12 
68 7 54 73 88 95 52 40 89 53 
52 60 13 97 48 44 43 76 20 40 
1 31 68 75 62 52 36 95 84 88 
5 49 88 98 30 20 78 36 27 4 
93 56 25 83 48 41 8 54 72 8 
94 86 33 19 39 2 36 65 13 70 

77 19 58 86 77 86 75 96 99 21 
42 74 85 91 93 12 77 59 56 18 
92 8 81 80 71 23 28 96 41 63 
53 8 58 70 65 51 97 29 68 62 
14 10 35 11 46 63 2 82 91 31 
93 66 46 72 8 59 72 20 27 35 
58 26 22 76 65 22 42 52 88 7 
10 75 39 93 79 93 79 49 83 19 
85 10 86 20 90 76 98 87 51 56 
10 20 24 47 0 60 11 65 37 25 

16 81 8 56 49 91 66 53 37 2 
18 75 38 79 29 55 61 12 5 30 
32 18 88 45 23 15 14 74 82 80 
62 9 24 98 93 87 5 28 28 71 
24 44 77 43 25 75 11 67 57 16 
97 28 61 48 85 93 58 0 8 0 
71 25 60 69 62 72 93 14 12 43 
33 58 26 80 7 20 55 65 93 37 
24 15 61 71 95 22 55 72 39 67 
84 77 36 59 80 85 57 73 85 95 

63 61 50 51 38 40 58 66 63 76 
26 0 66 6 22 84 23 7 79 15 
28 95 24 33 92 82 23 54 8 46 
67 67 28 16 84 28 90 51 37 5 
93 48 22 63 67 12 43 29 57 30 
32 5 34 88 92 1 32 7 55 36 
83 13 83 50 43 85 91 49 51 48 
82 82 2 21 63 37 10 24 45 86 
7 16 15 75 3 10 25 52 85 89 
84 46 29 40 97 66 3 54 48 36 

53 92 43 9 71 29 77 53 99 84 
25 5 85 98 41 40 37 76 30 14 
36 60 71 76 59 71 16 16 39 39 
5 78 16 75 44 99 85 50 73 79 
92 73 78 13 8 50 36 55 87 99 
72 15 10 66 45 19 95 97 86 42 
67 59 73 55 49 95 57 83 28 54 
46 14 70 18 74 2 57 96 79 94 
62 55 52 90 40 58 21 80 36 99 
11 55 14 51 6 75 87 39 72 24 

25 51 54 90 33 4 43 18 62 4 
19 37 13 50 58 50 8 35 88 57 
67 70 73 21 10 5 8 88 71 58 
17 70 65 41 82 27 12 65 38 74 
15 77 25 48 9 31 19 52 58 90 
48 46 18 50 1 4 55 43 52 30 
50 39 66 57 89 20 68 2 82 95 
29 4 86 69 43 51 64 14 86 58 
23 17 98 31 24 16 30 41 73 58 
62 10 4 61 0 18 51 68 7 81 

81 36 23 32 41 12 4 34 3 51 
68 31 57 20 2 48 55 48 67 26 
23 63 65 88 46 76 61 33 59 87 
58 49 25 44 30 52 14 85 65 52 
65 77 39 97 67 64 72 44 63 93 
11 2 13 9 14 94 93 58 34 83 
43 79 64 17 64 76 8 5 67 56 
27 12 25 4 29 13 90 93 68 38 
25 59 46 11 30 98 21 81 85 58 
29 91 68 79 51 20 84 14 96 95 

97 40 56 70 11 59 4 65 39 8 
13 19 59 80 11 38 69 80 51 18 
30 8 81 58 21 63 98 84 67 17 
93 92 85 92 26 52 40 95 37 46 
24 44 95 84 46 97 9 5 65 84 
60 4 0 26 56 47 37 7 72 98 
45 13 37 2 16 50 74 81 5 15 
83 98 5 4 49 52 98 49 85 95 
89 82 0 89 22 71 18 77 27 6 
83 23 76 74 76 19 14 81 16 24 

27 95 69 73 5 25 42 74 73 84 
17 18 56 98 22 62 22 46 33 40 
3 30 18 16 5 44 55 7 14 35 
84 37 10 49 8 85 12 9 72 74 
29 53 85 99 21 88 35 63 14 40 
7 37 92 1 75 47 50 40 64 39 
25 95 58 57 75 98 26 53 34 88 
82 66 87 20 50 92 39 40 98 73 
47 8 59 96 68 6 19 87 35 61 
71 64 93 12 2 17 57 26 38 13 

59 62 48 89 61 20 57 94 89 46 
92 96 92 69 97 41 5 40 57 88 
32 50 45 44 51 29 9 44 99 35 
99 58 84 62 79 11 11 53 58 94 
43 4 52 5 65 52 22 72 12 52 
37 4 77 8 11 96 29 7 52 36 
57 85 3 90 96 60 9 85 25 73 
99 43 69 65 66 90 94 55 37 18 
91 70 46 87 52 12 82 83 9 77 
1 51 47 46 4 21 94 49 98 63 


1 53 82 88 88 19 37 38 29 73 
0 82 38 86 19 39 77 57 33 3 
14 16 44 89 90 60 61 88 77 41 
27 21 77 20 75 37 49 94 59 19 
49 43 25 63 61 51 36 97 3 29 
44 72 19 86 53 79 37 14 57 17 
33 58 93 87 76 30 34 13 21 83 
10 30 88 62 73 15 0 31 33 93 
87 82 31 27 0 79 77 9 5 67 
4 40 61 50 43 8 23 52 91 7 

43 53 0 90 34 88 93 95 52 52 
44 26 56 22 10 90 72 26 57 29 
26 82 50 29 26 50 47 39 58 54 
95 74 91 91 69 92 42 71 56 46 
34 54 76 88 6 56 90 20 83 34 
84 3 5 70 27 45 17 47 44 80 
30 4 71 6 88 10 18 50 92 86 
88 84 82 51 19 28 72 73 61 1 
23 73 28 18 95 91 39 41 7 99 
75 27 64 94 84 78 10 2 30 11 

28 60 31 92 45 69 22 24 1 67 
18 46 0 72 20 7 90 67 73 64 
54 44 33 67 39 73 32 91 67 67 
50 87 46 66 65 91 67 47 55 88 
1 57 80 21 67 86 67 62 79 33 
63 15 63 36 81 18 85 19 27 64 
33 63 75 65 59 50 27 57 31 10 
17 46 55 19 10 28 85 47 21 66 
63 55 33 82 58 29 24 34 93 17 
41 50 40 39 10 94 74 16 66 76 

46 3 82 53 43 31 19 62 31 74 
11 18 70 96 37 12 31 6 57 40 
34 88 57 66 56 33 60 4 38 70 
77 12 2 21 30 63 37 19 53 86 
77 28 75 72 89 93 29 27 76 94 
14 23 12 50 31 79 12 50 44 53 
68 51 56 80 79 90 87 49 60 17 
93 4 55 93 28 36 96 46 18 36 
57 47 45 44 0 1 9 99 12 16 
94 42 45 47 19 65 62 22 60 17 

32 6 28 58 1 86 32 38 68 92 
20 17 73 94 57 47 34 83 11 55 
68 60 73 77 35 34 31 90 42 91 
48 41 43 97 17 71 50 86 81 69 
38 71 6 26 51 0 7 34 17 61 
39 20 15 65 27 64 90 86 2 49 
82 4 42 93 73 45 39 54 77 3 
6 73 55 96 24 62 46 49 57 99 
0 96 63 46 70 48 20 24 84 85 
18 20 67 5 63 7 1 55 54 8 

2 4 33 50 52 79 88 39 68 31 
52 46 42 22 54 24 43 83 60 95 
73 87 25 20 22 28 91 33 80 34 
90 95 91 11 63 68 84 2 82 6 
75 84 64 3 24 31 0 1 8 98 
22 60 23 67 86 14 11 31 19 72 
24 63 33 71 80 64 88 60 40 21 
52 39 86 90 56 53 17 60 32 95 
5 66 85 57 5 3 65 72 64 61 
77 5 83 49 1 32 5 51 29 19 

38 96 68 7 83 56 35 60 31 89 
6 38 24 5 50 91 50 44 8 2 
24 56 24 81 78 87 44 48 67 25 
82 57 56 3 58 8 68 94 33 48 
50 99 13 67 5 1 14 23 65 87 
36 57 63 97 31 11 86 80 10 84 
45 54 48 81 56 40 15 49 53 79 
48 70 2 86 2 80 7 10 16 73 
12 69 68 11 21 62 33 56 86 52 
12 88 22 79 95 16 23 39 8 16 

93 2 62 14 52 90 2 88 81 15 
24 36 21 42 30 62 89 1 27 53 
37 48 25 16 7 83 67 83 99 69 
37 4 99 30 77 6 78 54 94 11 
5 37 18 60 99 98 12 14 11 90 
28 3 54 63 31 50 72 61 60 11 
3 47 63 79 7 63 70 46 75 73 
87 95 15 54 81 87 27 4 0 66 
57 47 48 53 7 34 54 6 41 96 
31 59 22 49 98 82 49 84 26 76 

15 80 43 38 51 59 70 41 81 67 
62 35 82 12 8 94 3 93 12 35 
19 98 12 34 86 72 2 11 79 44 
15 64 64 69 89 45 50 50 87 7 
37 73 91 27 11 63 14 49 36 7 
26 86 48 38 24 60 28 4 69 95 
7 10 37 51 81 51 63 35 78 98 
70 16 43 71 56 48 76 36 22 86 
99 15 80 26 76 13 87 98 55 47 
87 27 6 28 3 37 56 69 3 99 

23 79 46 93 50 65 87 56 7 27 
2 65 68 99 33 56 15 67 16 15 
52 59 24 38 51 94 33 64 98 77 
66 89 20 47 69 6 46 65 80 1 
24 37 8 63 21 90 26 73 40 87 
86 86 11 2 59 75 4 45 69 74 
49 31 48 25 29 53 58 48 96 12 
10 43 3 82 97 64 74 25 3 67 
15 0 12 94 54 16 46 83 48 75 
27 96 90 27 25 78 67 18 30 92 


23 1 19 24 7 66 42 87 36 77 
13 6 89 63 92 8 63 38 98 3 
65 39 35 91 45 37 80 90 71 41 
9 32 10 59 36 18 35 60 88 47 
23 43 80 25 87 19 19 20 25 42 
46 14 71 57 77 45 88 56 74 24 
51 9 47 52 13 38 7 94 79 42 
7 9 79 16 51 14 83 77 5 7 
76 30 49 66 27 37 47 82 16 32 
90 27 22 60 86 49 64 97 56 46 

23 22 33 1 54 22 31 22 5 32 
1 53 62 34 18 6 15 68 85 3 
54 88 26 91 44 23 58 14 31 42 
81 48 82 50 38 11 30 30 14 39 
98 8 43 28 76 28 23 58 45 29 
13 75 44 3 32 18 57 38 1 79 
88 87 88 73 58 68 95 19 53 98 
65 67 47 79 71 30 22 28 14 47 
4 96 10 90 89 1 9 34 74 57 
24 10 56 60 39 47 22 46 62 48 

78 10 71 44 58 95 92 32 47 22 
51 34 16 57 70 34 12 35 89 32 
36 85 37 28 13 24 72 89 43 71 
8 61 50 55 80 90 68 97 44 42 
29 73 29 94 60 86 23 89 48 16 
85 98 85 10 73 38 71 56 25 73 
20 59 10 21 97 88 0 87 85 67 
51 61 69 23 72 85 59 40 96 28 
56 76 58 42 14 3 68 39 86 36 
62 54 69 43 61 12 92 77 56 94 

34 87 66 43 41 62 57 29 15 45 
48 97 49 42 47 28 38 35 43 8 
62 92 39 99 46 83 5 86 55 64 
70 35 9 17 1 40 0 35 59 97 
34 52 13 98 71 75 55 54 33 20 
52 49 98 43 23 14 25 49 57 11 
62 22 0 86 3 71 71 60 58 78 
48 91 11 64 92 49 65 76 3 55 
72 65 0 17 81 43 41 55 80 73 
47 79 49 35 69 62 69 89 5 31 

55 19 14 0 47 66 51 11 52 4 
41 67 46 84 15 89 94 18 35 2 
96 29 18 0 91 48 23 46 24 72 
50 62 74 53 3 44 28 52 69 74 
9 96 90 54 77 57 92 24 52 80 
36 7 53 16 64 35 12 58 26 20 
44 31 49 7 84 61 15 38 32 90 
44 21 9 63 97 39 65 81 30 20 
27 36 54 62 80 34 82 84 87 79 
35 77 93 19 47 91 73 21 5 65 

93 13 55 19 49 79 20 88 15 90 
0 94 12 5 3 54 70 24 68 71 
97 5 59 83 6 41 58 83 3 39 
59 7 12 10 30 50 36 44 6 21 
57 70 2 90 94 16 75 38 58 21 
81 15 83 64 43 1 5 21 29 65 
93 80 60 61 66 10 9 69 88 82 
75 37 59 40 73 15 42 40 13 72 
87 83 59 41 89 35 12 49 82 16 
46 27 79 42 20 24 48 59 11 11 

29 21 71 68 60 13 68 99 59 39 
8 42 74 20 55 42 30 29 34 58 
82 6 64 97 99 7 56 69 4 68 
25 95 25 8 73 7 90 57 22 83 
95 82 92 33 44 59 15 76 82 53 
55 63 77 4 79 73 30 29 10 23 
68 28 89 29 93 79 94 98 68 74 
94 78 7 50 22 77 56 79 14 20 
42 12 47 63 17 18 37 39 56 67 
15 73 5 20 64 32 44 46 59 10 

47 43 25 33 23 12 0 61 94 78 
74 17 58 62 73 49 53 8 26 12 
98 88 66 5 83 18 97 80 99 77 
18 96 71 51 50 99 92 0 42 18 
92 87 24 44 13 99 52 3 3 72 
22 55 64 24 64 83 82 97 41 33 
67 86 31 94 48 41 90 36 7 64 
54 31 22 95 21 70 17 11 50 35 
24 20 76 73 16 6 37 58 17 76 
86 31 7 51 48 7 67 39 35 79 

53 73 75 55 37 84 81 78 58 49 
20 31 35 84 86 73 1 83 30 22 
21 94 21 43 53 39 1 14 45 11 
61 23 35 92 96 88 20 72 6 25 
11 85 39 5 49 67 4 78 49 8 
36 67 30 1 58 0 95 86 89 70 
59 53 33 7 53 32 16 97 43 87 
30 24 77 12 54 56 76 81 45 96 
57 40 32 72 93 78 51 0 16 46 
51 88 17 37 58 13 13 41 96 74 

29 64 58 61 33 49 15 11 6 46 
85 84 18 49 95 7 27 9 91 63 
83 8 1 82 72 77 44 61 91 80 
33 14 14 49 47 82 77 80 63 38 
94 45 29 53 68 10 25 13 52 50 
27 81 23 34 75 26 88 9 82 41 
48 52 80 70 32 84 52 67 27 18 
26 72 20 36 48 52 81 74 74 46 
16 69 47 49 89 29 64 83 39 38 
49 35 47 48 58 83 28 96 40 2 


16 49 37 68 4 63 97 40 12 21 
87 46 8 92 43 81 30 44 15 95 
19 29 60 16 10 96 93 66 88 1 
56 42 65 53 51 4 10 90 7 96 
95 19 86 41 95 9 76 38 90 27 
92 15 69 26 15 97 66 50 2 30 
85 2 42 7 84 77 70 84 1 19 
36 78 85 6 71 90 27 22 32 54 
16 98 76 29 96 46 68 86 5 94 
80 37 28 28 40 33 18 94 17 75 

23 49 50 98 79 35 80 70 35 24 
85 32 41 53 2 76 54 22 61 11 
68 52 23 60 74 35 94 19 98 47 
53 83 1 64 29 56 75 97 35 9 
45 73 68 76 16 71 98 82 63 15 
74 41 83 52 99 80 10 85 49 96 
88 92 26 90 24 34 80 4 66 87 
22 11 25 62 9 96 82 87 66 51 
35 94 61 84 59 94 90 65 53 94 
89 63 31 33 28 40 21 32 89 63 

39 29 66 97 73 85 33 38 50 14 
7 95 93 64 47 82 40 15 57 29 
55 96 66 5 58 47 78 99 73 5 
94 58 2 92 90 93 39 39 76 73 
68 5 67 69 19 13 65 99 98 78 
64 38 12 8 74 28 6 40 89 67 
35 25 4 67 15 95 16 34 63 21 
27 83 34 60 32 35 59 67 84 18 
31 82 47 79 62 51 2 28 57 12 
67 8 60 42 65 0 26 47 51 87 

31 8 72 23 76 22 87 21 61 97 
77 74 80 81 4 2 7 21 98 65 
84 69 22 71 6 10 18 39 10 86 
88 1 98 31 23 22 35 31 34 41 
75 76 39 43 39 67 70 27 48 69 
6 31 87 99 68 66 47 88 61 40 
14 79 32 57 68 4 71 20 49 32 
63 65 44 48 37 9 0 40 99 65 
24 98 56 6 89 26 40 66 97 41 
7 90 42 91 79 13 29 3 81 94 

51 78 64 27 10 48 22 28 72 58 
80 59 86 47 24 93 67 71 67 97 
71 99 87 11 0 62 93 42 37 3 
36 41 20 90 64 69 36 81 49 34 
14 81 71 90 18 21 42 61 80 1 
39 31 92 3 57 42 86 30 99 69 
66 23 58 70 88 34 47 6 30 32 
99 11 1 47 15 70 11 42 82 7 
88 1 59 26 69 81 36 6 39 91 
73 87 11 6 94 16 59 22 78 12 

63 68 90 41 31 83 98 41 4 55 
66 85 94 96 59 71 5 26 17 77 
52 5 36 63 98 91 47 42 87 17 
2 73 32 55 18 50 98 24 5 26 
11 72 49 51 8 87 8 70 63 42 
62 4 99 98 20 12 46 89 3 84 
60 26 35 13 26 32 47 53 68 55 
28 72 56 23 6 28 83 40 51 69 
61 69 41 59 78 50 85 85 37 58 
20 14 40 21 12 72 43 85 68 46 

62 57 71 46 55 56 90 30 29 26 
46 66 92 26 48 59 20 62 11 4 
64 45 35 37 78 57 13 66 26 19 
68 89 99 84 12 80 53 83 52 4 
87 7 88 58 69 93 60 77 38 25 
3 78 82 97 37 68 67 77 52 74 
17 10 2 40 2 42 22 13 38 94 
16 52 90 42 17 16 89 15 66 84 
24 25 3 6 1 70 62 4 4 47 
68 59 41 52 85 80 67 11 97 64 

69 68 9 88 75 38 50 4 75 55 
97 73 42 39 53 89 90 5 86 16 
80 57 3 26 70 94 69 84 3 2 
79 30 5 72 33 5 42 48 75 27 
7 66 40 40 26 3 91 26 72 92 
86 71 63 77 45 88 77 33 57 64 
21 88 4 12 12 34 5 30 76 59 
63 77 54 13 37 46 48 74 0 32 
95 66 75 73 55 76 83 62 65 0 
4 64 32 8 28 0 59 80 14 38 

37 39 20 10 76 91 9 36 45 78 
37 1 49 82 86 85 87 96 26 45 
68 39 44 23 72 67 83 57 54 48 
60 68 57 6 74 42 92 24 56 29 
52 89 22 68 86 21 1 97 58 46 
59 80 69 91 56 58 21 96 98 72 
85 34 35 98 91 79 37 5 67 36 
68 84 47 85 49 34 3 22 4 84 
20 49 26 16 2 69 3 12 38 0 
7 74 54 49 20 5 1 50 60 21 

75 37 0 33 99 30 67 69 53 32 
56 18 96 84 39 23 53 45 13 96 
63 72 34 55 64 65 81 29 4 37 
23 62 24 82 89 3 8 86 20 82 
33 56 82 95 51 83 49 3 57 16 
19 51 98 21 31 3 54 83 97 76 
64 74 8 39 18 12 26 16 0 95 
45 1 61 89 15 58 28 45 66 2 
44 22 77 99 81 65 44 30 3 64 
36 50 59 53 83 63 21 2 28 79 


47 40 63 96 94 85 87 99 34 76 
7 49 77 78 56 19 6 46 33 88 
7 10 12 44 61 68 12 0 72 99 
39 83 81 68 23 46 34 28 17 97 
98 50 34 4 80 38 77 17 2 76 
46 8 30 78 13 77 92 26 81 36 
37 85 47 24 92 79 75 70 27 5 
76 4 66 99 12 13 14 15 56 15 
44 38 33 28 9 53 72 57 40 37 
96 6 4 23 65 61 36 84 60 34 

50 58 1 12 76 99 56 34 79 74 
0 58 87 10 8 21 88 33 0 83 
99 49 40 69 93 16 82 35 70 22 
46 36 27 23 19 56 41 26 92 53 
42 36 96 47 20 44 16 52 54 75 
35 44 92 58 22 75 32 41 34 47 
61 73 29 74 53 61 85 65 79 14 
38 18 0 3 52 93 47 91 43 11 
19 37 81 33 29 66 37 42 48 76 
48 65 39 23 26 32 11 1 76 10 

35 77 65 14 16 17 64 60 91 39 
71 15 96 79 56 82 18 15 30 0 
73 63 99 45 60 61 59 17 49 80 
90 48 25 95 94 6 12 8 45 55 
42 40 96 62 59 3 9 62 16 42 
53 33 69 77 99 72 52 48 23 99 
56 83 6 52 3 88 46 73 15 30 
87 8 68 93 18 25 98 92 58 31 
90 21 41 4 97 75 89 81 92 0 
18 37 86 25 74 57 77 5 24 79 

96 63 89 47 18 44 25 56 63 7 
91 7 94 42 22 44 79 7 51 54 
2 9 84 90 4 37 13 15 57 77 
83 49 81 83 63 54 88 96 86 72 
35 37 54 59 13 94 62 11 3 77 
36 35 51 1 17 79 35 4 20 4 
52 82 45 10 92 67 75 5 34 64 
32 8 12 8 28 18 14 98 98 60 
0 71 33 2 87 23 13 39 47 62 
64 59 85 42 19 26 33 95 26 38 

67 85 96 10 77 23 4 24 93 26 
73 35 2 78 79 45 78 31 60 22 
13 82 33 11 30 42 42 62 60 28 
57 90 8 65 14 9 38 0 3 49 
49 88 72 91 43 76 45 39 91 26 
45 88 79 54 52 67 50 97 59 59 
8 55 5 11 51 57 72 79 85 86 
40 92 14 65 30 27 11 96 81 16 
96 81 70 73 98 97 69 81 83 60 
74 4 74 5 12 92 98 82 85 27 

70 74 18 75 57 67 76 20 76 10 
98 2 75 68 43 48 24 53 81 96 
69 73 87 99 70 8 63 16 98 3 
31 55 25 51 41 48 63 59 66 17 
20 56 40 74 60 80 32 51 0 67 
54 56 40 71 74 94 18 31 26 50 
87 34 70 29 92 15 16 67 87 67 
78 60 16 8 49 33 40 7 56 84 
85 46 23 61 55 76 42 35 80 4 
5 17 8 60 13 13 48 55 29 86 

49 71 51 1 53 64 47 55 9 20 
64 76 98 88 52 64 89 44 93 27 
2 4 76 57 79 64 63 60 24 41 
75 29 93 61 70 85 32 26 1 47 
61 76 4 90 89 9 40 33 12 72 
36 60 98 29 70 33 40 59 2 77 
84 7 30 10 88 77 91 44 76 94 
2 29 92 91 42 85 59 3 86 84 
48 2 3 34 72 77 59 69 98 98 
33 67 28 86 36 92 87 29 93 21 

95 40 56 9 26 47 95 56 37 94 
16 10 33 46 6 91 18 59 98 81 
32 36 95 7 38 58 87 9 64 98 
75 76 26 19 60 0 30 72 32 10 
32 76 92 92 41 79 85 61 42 91 
34 48 32 93 52 87 75 56 49 24 
96 11 10 48 58 8 82 60 28 31 
9 17 81 4 78 26 36 7 14 52 
94 68 16 95 86 77 96 83 71 61 
21 76 76 56 91 67 20 67 68 33 

41 1 56 67 25 81 67 7 94 39 
24 75 46 81 9 21 76 39 60 16 
87 35 7 3 58 39 4 28 61 70 
28 20 18 41 70 19 54 17 49 15 
66 42 73 73 36 4 39 20 39 40 
70 20 66 91 9 26 17 45 43 76 
14 95 8 63 81 9 14 81 70 99 
34 6 47 93 23 22 53 95 37 13 
13 75 56 60 84 6 37 22 16 79 
89 33 22 56 38 35 43 30 70 26 

54 76 48 80 70 60 64 53 73 50 
30 66 47 73 43 75 87 93 54 5 
88 35 63 90 98 52 26 55 71 95 
32 64 27 7 86 58 82 26 34 85 
10 14 12 14 1 98 85 57 76 45 
81 89 49 64 37 68 91 87 55 86 
68 94 52 65 20 43 66 20 53 98 
85 41 53 31 86 70 7 7 20 91 
35 93 72 68 49 19 37 11 92 4 
12 85 90 82 17 50 61 57 60 62 


96 96 45 76 1 68 6 37 99 59 
94 73 9 92 60 31 39 41 38 73 
2 58 48 58 67 67 83 72 75 15 
22 43 78 97 54 60 65 18 18 64 
49 3 76 78 92 38 91 28 65 90 
48 81 73 30 79 32 30 13 63 9 
36 73 28 1 79 17 46 93 49 62 
74 61 82 62 70 4 70 38 31 95 
87 41 63 4 62 45 65 44 85 96 
81 65 29 53 48 26 13 21 54 94 

44 56 98 60 58 94 8 42 15 54 
96 51 48 90 49 71 76 6 28 61 
74 78 66 72 20 49 6 82 76 10 
9 23 61 63 52 29 31 9 84 83 
11 25 85 77 32 92 20 30 1 24 
69 81 64 1 76 58 18 9 43 69 
25 20 29 28 95 84 9 16 60 74 
2 27 68 28 75 90 11 99 64 22 
83 23 24 17 8 24 28 35 93 11 
13 73 15 16 3 38 97 30 4 10 

92 76 91 69 27 56 34 68 54 81 
74 96 85 98 27 54 47 43 46 26 
45 17 17 32 69 33 85 67 61 63 
78 11 0 16 19 71 81 47 73 74 
97 90 41 56 27 42 89 82 8 40 
45 95 4 29 77 24 14 8 28 62 
88 12 58 71 45 49 28 20 90 14 
56 94 57 31 71 40 50 41 99 79 
28 38 25 93 12 88 98 91 89 41 
20 72 90 31 30 37 92 19 86 89 

71 18 64 78 36 66 57 79 56 89 
73 97 54 39 32 42 10 25 75 27 
27 20 89 32 61 84 1 56 1 0 
76 88 55 12 21 46 37 85 17 24 
43 17 93 4 21 79 50 35 33 40 
39 7 4 55 14 4 39 6 99 30 
18 22 28 26 9 21 53 29 73 83 
67 96 13 42 64 37 33 3 22 27 
48 32 29 12 1 89 35 78 40 64 
96 91 14 42 75 19 70 78 16 1 

89 37 28 76 39 76 47 68 13 49 
85 13 24 7 85 10 3 3 15 3 
24 94 99 84 77 53 6 70 61 22 
37 25 32 75 7 57 10 7 18 77 
29 58 1 69 57 13 28 39 66 11 
45 62 24 20 13 38 80 82 28 97 
96 83 53 89 89 49 73 93 81 92 
10 89 30 25 76 99 88 0 57 13 
42 32 26 65 90 53 40 96 67 85 
47 67 20 29 9 76 8 18 38 93 

94 33 42 61 2 4 84 37 90 81 
12 2 22 55 57 44 47 89 59 2 
98 15 29 38 22 23 33 55 47 19 
62 7 93 3 47 19 64 31 91 18 
93 0 67 81 69 70 15 93 26 14 
55 75 23 65 28 32 77 99 39 63 
84 91 15 60 34 18 11 12 52 1 
65 5 17 91 36 68 39 71 97 99 
58 24 15 9 18 51 96 78 64 74 
23 24 54 21 80 86 91 12 51 26 

84 5 38 97 5 55 18 96 27 28 
90 50 81 40 36 53 47 4 43 40 
29 81 78 71 47 17 70 71 82 35 
81 42 99 66 51 95 57 79 6 93 
6 90 30 31 76 82 59 38 22 5 
14 58 80 58 45 39 67 80 95 10 
30 81 69 51 75 69 60 12 70 79 
75 66 5 39 62 24 94 85 29 6 
45 46 56 50 30 41 53 47 58 10 
40 64 45 49 37 31 83 92 37 17 

76 76 18 87 61 96 37 87 61 8 
96 85 70 23 23 78 99 81 29 93 
71 44 1 42 24 12 42 55 26 71 
71 2 7 39 4 79 25 83 10 40 
28 58 2 35 92 78 60 85 16 4 
60 48 10 15 61 7 60 11 79 90 
5 87 5 84 49 94 23 99 77 6 
70 79 30 96 89 34 12 11 46 39 
36 10 79 97 76 95 68 81 17 61 
69 5 68 98 65 15 74 65 90 62 

18 18 35 90 81 64 50 31 38 85 
71 61 81 51 41 91 74 3 60 67 
48 92 4 68 58 2 58 27 90 64 
44 43 64 81 43 18 83 41 39 34 
16 78 0 66 85 74 37 52 68 30 
85 55 63 60 58 51 31 49 88 74 
98 6 70 41 96 1 23 54 57 41 
61 42 27 28 10 40 3 48 9 15 
64 40 77 26 61 54 65 66 39 59 
50 62 49 31 55 17 67 10 3 83 

9 38 33 70 4 78 32 11 54 92 
93 32 18 57 31 38 78 66 86 40 
17 96 10 83 54 77 89 11 4 33 
62 28 1 56 35 29 67 6 36 98 
68 41 89 69 74 81 26 28 7 14 
86 99 72 35 46 51 62 76 50 97 
99 64 91 5 81 93 67 73 49 49 
94 13 49 12 38 27 91 16 36 32 
45 89 69 5 22 17 58 77 72 59 
50 1 30 23 42 88 33 5 91 25 



44 49 93 21 13 81 47 94 98 97 
38 62 47 37 83 52 47 43 35 70 
16 97 10 16 8 66 62 39 14 17 
34 81 23 26 94 59 52 26 51 24 
7 10 70 84 31 85 23 50 96 4 
26 52 75 93 72 90 7 54 54 65 
39 54 22 8 34 60 32 90 43 86 
53 47 29 42 39 21 63 45 32 55 
71 78 31 63 9 42 30 27 95 47 
82 17 47 82 21 98 56 99 2 14 

69 73 49 11 75 83 78 6 67 57 
29 32 37 72 51 50 46 19 80 92 
40 16 80 96 62 36 13 28 4 41 
39 27 71 34 29 59 6 92 50 33 
94 8 42 10 89 6 47 67 32 21 
31 36 8 75 69 74 82 74 71 27 
40 41 70 9 61 69 63 82 85 33 
71 69 46 82 32 29 46 15 31 71 
7 90 97 45 34 89 41 63 7 56 
58 68 9 72 60 37 88 41 52 73 

68 96 77 49 56 28 43 70 31 97 
42 10 14 21 41 56 12 23 63 26 
29 85 2 81 2 77 17 27 43 1 
46 98 14 1 45 97 34 4 90 22 
16 36 92 16 16 24 78 26 96 22 
54 73 5 77 14 39 51 15 44 83 
4 27 34 79 80 77 24 27 79 77 
56 76 45 55 79 53 49 70 86 67 
3 58 46 58 42 70 4 9 42 94 
6 56 81 40 77 38 55 60 86 78 

58 30 47 16 8 62 10 22 97 63 
21 59 54 29 42 20 60 66 41 0 
45 16 32 3 53 56 71 55 87 17 
48 33 87 19 34 82 33 90 89 47 
11 20 23 12 64 43 67 72 28 88 
62 45 21 16 29 4 72 75 52 58 
70 80 78 96 95 20 59 56 52 42 
88 74 74 8 41 94 19 53 78 7 
38 82 96 29 15 34 21 68 62 74 
46 19 47 15 73 51 54 60 28 51 

12 50 46 33 50 16 79 14 59 4 
55 44 40 12 46 63 53 96 88 64 
88 35 67 46 82 59 57 51 11 18 
31 20 99 88 97 27 85 56 16 31 
56 40 97 11 7 18 62 27 54 50 
72 40 43 63 51 62 37 73 46 95 
17 96 52 94 43 14 77 25 52 84 
35 15 0 10 25 5 72 75 29 35 
69 43 57 18 9 16 0 72 73 0 
89 93 10 37 41 67 27 8 32 97 

81 90 49 35 97 73 44 99 87 98 
66 91 28 29 30 54 43 46 10 67 
20 46 59 70 87 26 86 98 21 75 
57 15 77 45 46 47 57 34 44 14 
25 36 14 78 65 87 86 74 20 54 
89 37 52 15 28 79 74 69 49 76 
4 88 22 57 38 60 70 26 73 70 
22 59 64 90 28 31 34 75 85 98 
1 3 60 45 22 86 64 98 75 45 
58 88 99 0 1 12 61 25 49 6 

37 21 90 33 59 21 58 62 25 45 
65 80 78 51 75 99 1 17 91 9 
32 20 92 3 48 48 59 91 34 64 
51 26 88 49 46 82 93 73 88 6 
77 2 83 25 88 30 58 49 0 30 
8 28 19 38 30 45 51 96 93 55 
15 78 42 72 29 92 67 91 74 47 
30 16 43 20 37 75 14 78 84 3 
5 2 20 11 79 3 54 43 35 87 
92 78 67 66 59 16 69 40 64 36 

14 4 11 19 12 72 20 62 58 42 
50 85 28 8 34 39 37 21 92 95 
98 12 69 61 6 49 13 27 65 86 
85 51 70 70 65 70 37 38 8 87 
3 23 75 11 90 43 27 1 68 63 
42 1 67 38 40 42 66 64 71 34 
77 41 24 54 67 30 55 92 23 50 
8 63 13 68 7 98 31 40 83 0 
16 63 14 45 38 57 91 25 99 89 
47 42 79 87 81 16 70 72 39 77 

17 80 54 65 51 60 94 82 38 40 
8 21 40 18 15 60 30 94 51 39 
66 5 6 37 8 68 86 99 86 9 
66 35 14 33 40 20 76 70 13 83 
37 42 44 1 64 32 32 78 0 64 
36 99 61 51 78 0 37 91 36 11 
55 82 67 37 25 61 89 26 82 77 
63 80 72 81 67 13 40 65 8 28 
8 47 53 1 54 48 60 69 3 44 
46 45 57 47 18 3 68 76 27 57 

12 2 38 56 73 65 62 58 25 88 
32 22 93 22 80 5 89 16 30 74 
24 75 1 9 91 22 41 28 95 59 
33 19 24 55 59 10 20 74 71 0 
33 89 19 62 71 93 38 32 51 18 
68 98 66 61 7 3 89 68 14 79 
3 42 89 5 13 55 3 21 77 62 
49 29 62 2 79 13 6 25 34 39 
57 85 99 34 94 65 14 85 44 4 
21 58 29 26 65 16 64 35 60 44 


17 1 7 59 26 27 85 78 21 82 
21 61 52 53 17 71 58 70 11 69 
97 88 85 0 22 45 33 33 2 54 
35 57 1 10 61 53 31 44 59 75 
79 77 26 54 48 99 37 28 88 55 
74 7 2 74 48 95 70 96 86 77 
11 69 38 92 88 76 56 19 39 25 
44 70 45 15 70 70 22 34 37 38 
74 91 2 93 56 84 39 19 21 71 
79 77 81 65 90 99 22 46 52 69 

10 13 8 37 71 25 2 4 17 5 
25 23 46 76 14 12 51 26 62 45 
24 35 76 62 13 53 24 90 50 74 
65 41 63 32 82 62 99 38 93 72 
20 49 58 68 58 77 80 44 37 73 
5 30 37 35 21 89 37 38 30 7 
52 16 54 28 40 63 88 1 14 9 
95 28 89 31 77 59 23 62 87 21 
43 24 82 62 13 35 21 97 34 81 
20 46 16 73 3 35 83 82 37 13 

67 64 16 51 42 18 26 58 25 2 
30 26 98 31 5 38 49 66 68 20 
54 25 55 27 70 8 67 19 95 53 
99 78 98 66 65 80 29 4 92 64 
13 16 58 2 37 59 50 38 85 18 
43 22 56 56 62 12 96 60 15 60 
21 41 60 24 36 96 93 3 49 51 
83 39 47 85 65 66 69 10 39 75 
28 6 94 76 72 59 94 86 2 55 
22 6 33 73 50 52 24 53 20 66 

8 52 76 47 15 99 79 80 74 90 
7 55 53 2 41 19 97 55 62 5 
60 66 65 57 5 68 41 95 36 21 
69 79 63 93 93 55 6 97 73 15 
53 42 58 90 87 24 3 75 41 96 
18 40 78 0 44 33 98 44 16 3 
97 64 82 71 8 10 71 3 91 4 
70 85 16 76 16 40 58 18 96 16 
8 82 80 81 92 11 27 34 29 29 
42 63 26 93 74 78 87 14 50 43 

86 57 2 9 54 29 60 50 77 12 
53 85 54 12 0 99 9 3 51 46 
3 55 71 5 0 3 11 98 45 74 
65 35 33 89 55 95 15 26 59 91 
53 17 87 35 77 81 35 20 59 57 
0 25 6 6 36 77 43 6 13 67 
3 36 69 10 69 95 24 89 24 48 
44 2 71 22 54 26 43 47 70 41 
29 13 8 37 49 45 63 32 60 71 
49 75 12 4 83 26 85 71 93 27 

97 87 24 99 78 2 71 71 3 70 
25 3 87 57 38 26 60 0 84 20 
25 42 3 84 94 45 2 82 75 25 
27 1 16 24 57 68 71 32 28 33 
75 46 27 71 20 67 0 87 27 69 
9 19 0 7 72 55 19 76 81 52 
96 53 45 64 4 8 23 46 83 8 
46 2 64 16 78 51 41 74 96 10 
77 66 98 80 70 89 51 34 75 16 
72 32 23 3 49 25 35 83 60 20 

3 98 53 73 88 34 9 77 76 56 
45 8 29 66 54 71 48 63 6 82 
30 58 86 23 67 92 17 97 44 39 
54 60 36 55 64 41 57 85 39 10 
45 23 7 13 87 3 19 95 39 49 
92 2 94 45 53 91 62 64 38 73 
86 19 44 12 18 91 56 60 38 35 
65 93 93 1 39 9 3 82 96 82 
7 24 24 13 47 5 27 44 7 3 
71 71 94 73 99 4 34 70 69 72 

84 33 27 35 74 81 4 72 10 40 
5 16 28 1 75 18 2 75 32 64 
1 56 1 7 77 73 95 26 28 26 
53 67 0 37 52 95 50 63 83 67 
18 95 82 90 54 18 64 67 27 1 
10 37 99 69 72 42 77 8 64 21 
18 77 76 99 2 35 48 29 25 29 
35 92 14 75 55 48 40 60 22 72 
12 41 83 60 21 10 14 72 59 58 
47 39 83 8 12 82 91 41 46 87 

44 75 4 38 98 77 6 37 21 99 
29 13 57 46 57 22 32 63 96 52 
53 44 2 52 30 60 86 31 81 51 
11 43 23 84 11 18 69 75 47 99 
31 40 86 65 48 9 41 55 62 36 
79 37 20 77 91 48 88 40 11 45 
73 71 10 31 22 97 25 55 50 16 
8 65 4 23 15 79 27 55 81 62 
58 58 98 81 97 91 14 6 65 38 
3 73 20 20 67 9 47 62 32 94 

93 39 93 31 79 43 39 17 97 16 
24 94 93 69 4 11 1 9 0 57 
62 18 17 64 76 83 58 76 86 34 
61 39 48 60 41 31 71 8 36 7 
57 18 67 71 92 95 51 67 36 51 
49 85 84 61 18 37 10 94 2 35 
71 51 17 25 49 87 11 71 17 19 
4 14 64 96 75 16 13 73 89 88 
75 42 99 85 50 4 13 73 80 0 
4 5 36 0 29 69 16 94 76 85 


35 85 12 79 31 3 48 4 91 15 
98 76 99 82 53 6 9 38 53 18 
0 23 82 38 36 46 93 1 97 71 
55 40 72 89 51 13 33 4 68 41 
99 91 15 36 31 63 89 54 37 91 
7 92 45 8 91 22 41 87 9 69 
35 79 92 91 81 70 91 81 10 2 
91 96 89 41 10 43 46 23 59 72 
48 34 56 29 57 72 8 84 3 52 
87 11 21 28 0 25 94 41 27 21 

53 36 13 15 50 33 14 27 79 67 
8 81 4 57 44 71 75 63 32 60 
45 71 39 46 7 2 58 70 9 98 
10 3 81 30 96 47 85 4 70 98 
15 92 88 41 47 55 13 47 76 60 
21 17 79 34 75 78 85 69 89 76 
53 46 94 66 75 47 38 2 38 18 
21 56 71 32 87 49 96 12 40 12 
8 64 76 16 55 31 35 35 17 71 
32 50 67 18 92 27 94 99 11 40 

7 95 63 53 1 38 96 61 2 74 
14 98 94 82 70 23 97 71 52 42 
52 39 20 15 84 20 44 10 72 47 
70 19 93 29 19 51 3 24 44 97 
82 31 87 68 90 54 37 28 69 80 
28 64 22 6 81 99 72 41 23 24 
24 74 4 96 12 66 59 76 71 52 
38 15 81 22 17 70 77 7 99 59 
83 55 59 76 14 35 80 14 59 19 
35 70 38 46 84 52 34 10 39 76 

67 9 15 10 60 55 22 60 7 49 
63 11 61 43 12 57 35 79 41 81 
22 2 66 57 21 70 60 86 59 73 
4 54 0 42 27 48 12 47 16 8 
63 26 64 45 45 50 53 89 90 48 
59 20 2 6 75 8 45 63 98 36 
31 44 42 43 22 3 91 57 94 63 
29 8 57 87 36 50 13 56 33 93 
42 88 23 30 12 38 17 72 74 82 
87 82 32 61 90 24 2 70 62 94 

46 72 35 91 57 24 10 49 97 63 
64 71 52 43 94 44 26 56 14 23 
25 19 6 82 79 90 33 62 59 3 
47 98 16 87 6 5 62 66 98 72 
46 25 81 16 46 46 18 71 50 69 
72 39 4 4 6 31 43 83 97 17 
70 92 7 28 73 18 24 33 15 82 
17 26 75 89 61 19 69 25 75 38 
50 50 65 7 24 55 8 7 95 7 
3 41 37 53 71 17 51 48 3 49 

50 21 42 93 25 94 26 52 5 80 
48 50 16 20 58 99 30 66 1 9 
11 58 43 5 68 77 34 72 78 22 
65 45 93 67 75 24 85 76 45 81 
18 85 38 58 49 5 53 62 65 45 
59 79 4 76 40 66 17 66 9 76 
57 78 83 13 70 93 33 77 83 91 
12 37 61 88 79 34 97 51 4 85 
27 8 6 50 92 16 50 89 8 87 
46 28 37 28 47 20 95 35 19 42 

78 19 11 45 89 10 9 31 69 91 
76 92 93 72 65 75 24 24 54 58 
5 31 59 64 77 97 20 76 69 25 
14 29 46 77 27 47 7 51 96 95 
24 26 34 57 2 89 86 58 76 88 
74 41 18 48 60 40 92 80 73 81 
23 96 92 97 94 25 73 54 10 57 
50 59 68 20 29 68 75 18 23 41 
53 89 84 21 99 69 80 96 21 89 
70 7 74 17 94 66 76 78 52 11 

30 52 13 11 17 37 59 88 74 83 
68 20 57 9 49 12 53 43 17 53 
7 25 90 4 72 37 40 37 7 59 
19 89 93 43 90 97 90 68 36 49 
11 1 96 2 37 61 89 33 86 93 
24 26 64 51 67 13 87 35 53 40 
54 99 55 26 61 69 13 56 91 83 
8 93 63 83 69 58 80 20 95 80 
70 94 98 17 10 3 1 18 77 32 
81 23 4 49 41 56 83 51 5 74 

21 38 75 38 62 51 16 4 69 20 
87 26 83 4 46 8 8 41 55 40 
53 60 70 42 22 54 43 80 10 19 
66 27 26 62 51 51 98 78 81 59 
35 13 47 57 81 66 56 74 14 16 
39 74 32 57 72 68 83 39 26 87 
25 7 99 67 70 30 4 99 8 53 
78 93 55 43 80 93 36 42 85 0 
46 18 39 42 78 84 68 21 61 9 
47 3 58 70 8 51 4 8 91 95 

97 30 57 93 68 64 60 50 14 13 
94 28 38 94 38 55 20 4 40 48 
55 75 32 85 1 72 16 46 88 88 
81 65 32 31 23 33 95 46 90 30 
83 39 55 57 77 74 92 63 14 1 
29 20 98 57 51 80 42 37 56 46 
44 95 64 65 9 20 4 15 59 91 
64 0 42 8 84 83 79 68 92 78 
99 92 42 58 84 16 72 6 58 64 
73 74 81 0 76 27 80 83 78 76 


42 14 14 80 40 67 95 18 36 2 
0 45 52 54 74 97 28 83 36 66 
60 90 79 36 30 84 71 14 10 57 
51 52 70 73 51 83 77 70 85 76 
96 49 42 42 83 40 58 66 32 87 
32 98 95 70 75 99 10 91 63 8 
37 33 97 76 92 64 85 85 82 64 
53 81 63 68 9 25 29 47 62 7 
91 78 37 61 23 29 41 45 86 35 
94 99 22 54 73 39 37 97 86 95 

35 90 87 85 1 73 32 71 70 91 
40 64 53 4 71 52 28 87 30 92 
96 27 42 87 28 13 61 50 39 57 
58 21 5 53 85 67 67 14 96 27 
32 49 17 8 6 71 27 54 53 20 
56 77 85 86 45 62 53 70 11 83 
48 37 98 12 50 47 23 83 67 93 
82 41 20 61 94 53 50 74 34 57 
22 91 80 57 95 12 10 68 17 66 
74 58 61 78 22 32 91 93 50 70 

5 27 88 50 25 21 87 81 16 48 
98 35 3 12 31 3 17 8 77 62 
26 59 68 65 3 75 45 90 40 58 
36 64 95 62 82 80 13 25 83 17 
60 39 56 6 35 71 78 81 59 51 
72 53 74 70 73 99 33 90 71 37 
66 81 96 22 58 49 56 20 33 43 
78 43 32 52 34 61 2 97 9 57 
45 2 61 36 12 4 74 6 32 62 
4 19 70 8 92 99 24 90 23 79 

10 31 82 90 0 86 28 63 78 30 
38 7 83 0 80 47 67 74 67 68 
21 25 64 51 60 12 64 65 20 6 
48 42 83 17 85 23 92 11 88 50 
44 3 33 8 37 6 72 53 69 10 
8 16 33 60 89 75 24 46 99 14 
25 22 73 56 98 48 4 62 91 64 
36 70 69 69 27 5 56 1 7 23 
29 16 87 27 5 63 34 54 54 24 
60 34 61 98 98 26 45 64 26 63 

35 77 63 26 60 4 80 40 78 61 
12 55 35 93 64 48 86 21 62 72 
98 46 18 23 29 25 76 2 53 28 
4 16 7 44 37 95 96 17 79 64 
29 53 22 21 3 44 30 1 51 58 
66 76 46 82 38 38 39 24 99 41 
99 61 47 67 61 90 31 94 64 7 
74 69 38 80 43 92 7 71 20 8 
16 13 69 76 36 87 82 28 54 61 
82 91 63 48 5 69 7 72 93 62 

36 92 10 90 81 65 9 4 23 8 
61 53 63 49 77 38 66 84 54 45 
31 2 19 65 11 22 54 97 56 25 
62 51 97 57 15 91 64 90 53 77 
32 41 78 7 36 20 52 79 59 54 
42 24 91 90 22 13 19 97 44 84 
94 83 80 96 3 66 0 53 57 40 
63 39 7 85 45 87 78 38 38 97 
41 91 58 84 92 47 29 94 27 91 
1 16 6 37 92 89 54 26 29 79 

39 33 69 57 59 25 32 91 99 34 
18 77 8 36 18 15 99 79 28 17 
37 99 35 11 70 77 73 13 10 75 
69 38 91 37 6 6 0 69 47 21 
30 58 5 88 24 47 7 62 7 18 
9 13 34 96 14 3 68 99 36 44 
4 6 81 61 72 6 60 43 5 27 
9 16 95 6 8 44 42 27 23 16 
72 30 94 78 65 72 40 56 8 19 
65 32 17 83 0 89 74 56 96 73 

43 93 37 71 16 66 5 89 10 63 
76 86 75 23 80 38 45 7 32 33 
20 31 50 0 49 23 68 79 56 67 
3 13 88 36 3 22 72 1 77 36 
16 55 73 32 90 67 9 46 4 70 
55 31 97 51 85 5 98 90 96 54 
25 83 5 84 64 17 51 0 32 27 
90 22 46 64 38 84 43 50 49 10 
93 38 27 44 93 32 57 75 71 1 
62 25 4 6 14 24 95 3 4 85 

72 32 76 88 51 8 74 72 14 36 
47 40 74 69 95 27 76 0 71 99 
77 40 45 34 95 92 31 88 79 88 
64 94 27 92 35 24 2 68 81 59 
73 74 87 13 72 46 69 28 39 98 
15 40 43 18 63 5 81 44 95 87 
11 56 78 80 9 92 4 94 45 25 
42 96 62 95 49 77 20 92 69 16 
2 55 45 59 66 50 66 35 86 38 
17 48 0 88 65 48 17 30 57 4 

73 35 52 73 4 25 31 64 18 1 
9 6 57 92 26 89 54 96 98 96 
84 77 99 99 45 4 54 84 47 30 
28 30 96 40 47 50 62 99 20 82 
50 24 48 21 89 74 23 52 82 67 
33 12 96 60 61 85 80 69 70 76 
41 80 58 37 29 21 25 61 49 41 
15 75 88 75 86 69 6 44 34 9 
89 29 69 39 63 81 59 25 0 57 
52 66 79 28 96 80 20 56 51 60 


28 92 98 38 18 89 25 85 69 22 
51 55 64 13 58 30 14 77 44 67 
62 36 63 96 87 50 72 62 72 52 
0 69 8 83 14 66 58 16 29 5 
82 59 16 91 0 71 29 70 38 94 
55 29 67 86 61 17 3 97 1 60 
87 5 23 58 29 14 64 2 44 32 
84 48 77 60 38 31 52 46 64 89 
8 81 3 9 24 5 43 48 4 3 
29 72 75 60 75 84 58 61 1 13 

63 37 73 31 94 23 24 60 67 90 
75 78 92 98 13 22 31 87 45 85 
56 19 4 32 53 66 97 65 88 86 
27 82 68 66 88 9 12 30 61 92 
85 94 6 76 74 0 71 12 52 57 
34 42 47 67 34 74 69 7 31 26 
50 12 60 65 7 10 41 40 24 49 
18 34 96 67 29 37 71 53 26 0 
93 27 14 27 79 1 3 89 81 31 
1 41 22 60 66 85 23 98 37 28 

53 66 68 60 64 11 63 42 0 37 
15 81 92 75 56 45 36 70 68 6 
73 50 71 26 99 41 90 52 6 11 
35 76 73 29 80 77 5 93 25 51 
87 39 19 12 75 39 84 35 65 50 
3 2 8 89 19 9 37 36 96 85 
75 34 44 69 37 59 52 54 62 97 
36 92 59 34 80 78 97 67 86 55 
9 17 81 73 66 28 80 81 4 98 
87 92 94 30 48 4 52 70 96 80 

17 70 33 41 18 74 69 94 78 43 
14 36 73 52 54 37 45 73 58 69 
55 86 62 39 9 18 82 42 13 30 
30 42 26 7 83 12 23 14 84 29 
87 69 54 82 61 86 31 71 97 93 
58 22 56 71 93 38 1 54 22 75 
0 26 94 40 80 75 43 25 37 44 
1 15 89 10 58 46 50 94 74 88 
72 98 65 66 23 37 44 79 74 48 
78 46 71 26 79 56 82 18 29 3 

99 30 45 81 99 7 76 58 46 48 
3 28 11 85 86 46 33 33 37 1 
43 66 13 70 13 36 76 53 66 80 
31 42 6 46 89 32 59 56 27 84 
50 8 41 17 4 13 28 52 83 31 
50 57 66 35 45 37 44 25 10 94 
44 3 66 12 6 74 10 19 49 25 
25 41 11 56 61 41 61 30 3 29 
89 71 90 80 44 86 72 91 98 62 
1 69 51 94 98 68 82 91 29 64 

82 47 83 42 90 97 59 58 69 69 
31 59 77 85 74 36 53 15 77 21 
62 63 88 36 77 29 42 21 91 82 
60 26 5 53 50 2 97 38 38 48 
31 75 18 97 6 26 53 84 45 92 
69 12 63 56 24 68 34 81 91 61 
13 21 44 76 99 89 67 39 52 84 
52 36 0 90 51 93 42 82 24 28 
79 92 19 80 78 53 73 68 11 16 
61 79 76 90 20 24 36 1 51 31 

50 12 78 96 91 3 74 8 96 55 
69 19 99 17 53 84 37 78 80 8 
91 28 98 20 39 14 7 18 5 13 
36 66 97 92 23 5 67 31 74 11 
80 26 10 50 84 26 65 49 88 45 
45 77 88 30 13 79 71 32 7 1 
99 68 23 79 63 27 79 73 14 33 
2 72 22 59 39 25 92 7 62 32 
15 86 16 13 19 9 10 99 38 66 
23 72 36 36 17 76 79 30 26 78 

93 19 73 41 28 93 51 72 96 90 
28 98 33 7 76 61 78 77 2 15 
78 86 25 72 18 34 34 58 65 31 
55 14 24 37 10 8 12 73 5 58 
61 74 81 14 2 91 41 95 97 43 
88 52 51 89 24 32 91 32 91 70 
96 55 19 55 86 28 54 26 7 14 
62 20 5 30 2 94 66 88 51 53 
45 63 63 57 4 5 70 76 81 76 
10 34 72 13 69 65 1 14 70 90 

47 97 24 97 31 40 48 18 48 1 
3 32 99 72 74 49 9 91 72 90 
18 45 5 43 52 75 15 11 57 36 
49 6 36 95 42 11 15 30 77 78 
70 36 12 52 34 5 78 45 65 74 
77 19 98 17 27 4 52 35 39 37 
28 60 58 24 49 82 35 71 55 61 
35 84 58 3 59 27 87 49 97 73 
71 25 61 45 84 3 24 58 59 85 
54 10 4 43 85 1 77 68 23 59 

71 31 49 83 3 32 84 2 6 43 
15 1 22 82 34 9 55 53 29 18 
60 41 44 86 42 43 25 53 65 49 
29 56 98 93 50 12 61 8 49 9 
75 52 0 3 93 16 62 58 86 92 
63 0 9 35 54 54 0 33 64 17 
41 79 9 68 94 85 16 86 45 88 
69 80 2 73 1 24 27 98 45 85 
78 1 55 71 13 3 55 4 48 75 
20 96 7 36 64 96 91 40 88 50 


75 84 88 91 17 90 70 37 36 34 
47 46 31 89 1 73 45 11 97 74 
74 52 54 74 14 42 94 52 26 48 
80 56 78 63 75 90 53 93 35 49 
79 11 83 2 4 88 24 14 17 30 
66 93 18 30 6 3 74 63 29 18 
68 21 7 48 16 20 3 53 52 75 
14 47 44 97 80 58 26 45 19 62 
76 22 48 52 11 10 9 18 72 30 
35 4 72 46 95 30 43 54 80 91 

38 20 62 57 58 38 80 6 97 95 
13 68 78 99 81 53 95 72 68 92 
69 71 77 54 82 71 28 55 61 69 
96 67 0 48 20 47 27 92 0 83 
48 33 93 87 94 1 30 33 11 4 
26 26 74 62 16 13 99 93 35 50 
88 72 76 6 40 72 65 24 20 19 
83 5 31 26 83 49 84 95 31 1 
63 42 75 20 56 83 76 73 92 26 
79 99 53 77 47 8 3 91 20 25 

55 19 53 90 43 73 48 38 71 86 
97 81 48 30 35 48 20 73 59 19 
33 76 68 35 34 10 19 84 15 87 
26 93 54 20 82 19 35 1 66 47 
61 85 0 47 40 17 73 13 81 44 
76 83 14 19 24 34 75 65 92 94 
50 0 26 54 99 74 17 91 93 12 
80 54 17 34 35 95 43 60 12 80 
16 91 64 65 44 27 76 31 53 55 
97 26 97 62 5 25 49 59 50 24 

6 70 37 75 22 84 33 60 53 93 
68 37 35 36 73 84 67 13 60 52 
23 54 50 40 40 67 51 82 52 28 
34 8 18 11 14 65 51 46 85 61 
71 89 84 65 94 66 5 83 48 58 
9 4 94 65 89 60 7 87 22 85 
98 97 78 32 26 45 66 99 52 44 
96 5 54 51 98 97 40 4 79 49 
79 45 96 57 13 93 58 65 44 93 
5 42 88 15 83 77 64 59 18 61 

70 41 5 93 75 95 80 77 85 88 
9 35 39 34 11 89 53 62 41 12 
93 0 98 94 70 55 51 5 85 99 
90 34 24 6 4 86 31 23 16 16 
55 69 14 48 17 99 41 3 83 34 
32 89 59 96 34 17 36 48 13 53 
49 90 38 59 54 13 18 54 19 56 
67 96 11 57 45 7 67 88 94 31 
45 39 50 92 1 76 73 76 72 61 
0 16 69 24 56 63 3 16 1 76 

8 22 80 18 88 22 99 55 96 83 
39 6 1 48 83 8 80 77 33 13 
26 13 26 45 52 27 26 85 55 86 
10 34 78 3 58 37 56 9 23 57 
86 18 69 44 89 67 78 43 64 71 
67 6 63 57 73 13 50 75 34 96 
55 76 16 41 21 2 25 11 27 26 
35 63 70 57 62 32 16 2 83 64 
60 93 26 25 78 9 94 3 63 72 
14 47 17 67 45 6 50 42 8 86 

74 4 68 84 20 13 13 70 9 32 
21 63 89 5 76 88 87 18 4 43 
59 11 16 55 71 84 25 20 5 69 
17 84 54 64 57 82 16 93 27 63 
36 47 47 32 45 39 11 70 26 75 
95 4 3 48 98 33 11 99 0 15 
37 11 78 65 68 44 50 79 98 36 
91 34 2 64 70 99 86 8 92 25 
66 80 70 73 90 69 32 87 42 89 
84 71 51 39 5 7 37 91 2 81 

78 26 58 49 18 16 30 24 19 76 
31 99 27 81 59 75 16 52 67 79 
43 39 88 7 83 84 71 88 26 29 
31 26 57 26 83 14 6 4 22 1 
46 72 21 17 29 36 2 12 45 88 
48 59 9 48 26 36 87 42 21 59 
9 67 62 75 22 87 66 25 61 58 
75 12 8 75 66 84 86 91 35 7 
81 28 45 75 26 94 81 69 13 22 
83 58 63 22 67 56 81 49 37 33 

62 69 38 84 35 82 18 92 42 79 
1 63 19 8 40 24 74 98 32 16 
94 89 91 93 1 48 60 36 75 40 
38 70 57 77 4 8 43 62 84 73 
31 91 84 23 23 78 27 78 70 26 
52 76 88 35 45 61 33 20 83 32 
58 21 11 73 59 7 90 11 73 3 
10 99 21 64 66 63 59 13 88 56 
90 62 51 10 76 47 82 82 21 11 
95 15 63 81 66 54 52 88 95 80 

64 10 29 1 40 89 92 46 84 11 
16 11 86 24 50 57 35 13 60 18 
32 92 15 31 17 53 12 53 16 32 
33 33 8 88 14 73 65 70 55 31 
96 57 53 58 40 40 31 98 20 61 
93 32 4 91 56 36 64 64 8 91 
17 27 56 40 12 15 40 69 2 55 
39 66 89 73 57 98 47 74 3 84 
20 25 0 8 7 65 59 2 18 46 
91 53 22 93 94 92 30 31 64 84 


8 22 37 68 51 34 62 32 66 13 
7 80 76 71 55 16 61 83 62 5 
21 7 78 72 20 58 95 69 53 16 
49 24 22 61 14 1 10 23 51 33 
84 3 33 3 18 96 3 29 32 61 
61 82 74 11 4 1 88 68 33 61 
43 70 81 24 94 60 52 30 51 56 
39 95 18 53 40 55 23 82 29 70 
97 35 76 28 8 34 98 26 98 20 
46 25 4 27 67 62 80 65 15 36 

35 22 4 2 33 96 49 53 82 91 
82 17 3 70 80 94 81 1 69 92 
25 86 10 31 24 97 28 72 1 2 
1 49 16 19 53 92 52 56 22 59 
14 56 23 26 22 57 76 57 60 83 
40 95 58 59 43 30 26 52 66 77 
59 64 97 85 2 71 95 39 22 85 
68 75 5 0 10 12 17 62 1 24 
15 99 67 64 89 7 69 56 13 98 
87 98 38 22 7 95 95 84 37 51 

2 87 44 97 53 34 57 48 44 39 
21 73 81 30 58 48 44 83 31 99 
28 28 69 85 51 64 10 41 98 13 
5 20 49 91 88 17 75 5 26 57 
66 53 62 72 18 69 99 25 97 29 
58 53 95 29 53 2 11 0 2 38 
11 96 0 59 90 82 38 86 98 59 
6 22 69 47 48 44 44 69 14 94 
68 56 16 44 62 65 64 89 14 10 
73 73 47 66 23 69 40 50 20 70 

49 2 27 52 32 56 16 79 72 76 
9 40 75 6 89 81 16 56 78 36 
22 20 22 54 96 94 80 6 81 54 
93 60 70 4 77 63 85 91 86 5 
32 91 38 20 62 93 62 16 23 34 
13 52 85 57 93 58 66 90 99 28 
38 69 28 85 58 55 21 21 55 33 
93 74 93 68 27 54 23 18 62 58 
27 96 25 10 96 81 87 52 20 72 
74 65 55 52 42 93 27 21 7 38 

75 96 75 94 25 94 97 0 98 73 
66 62 56 51 67 70 60 8 71 82 
21 0 92 23 5 84 67 69 82 91 
13 44 80 61 7 0 25 99 52 60 
22 33 43 66 79 27 19 18 77 55 
76 65 59 22 90 73 31 54 65 4 
78 88 55 53 39 21 20 68 54 96 
25 8 80 35 35 41 23 15 88 15 
33 94 26 86 5 76 55 91 99 84 
70 52 59 24 40 27 79 27 36 85 

99 75 49 42 50 36 56 66 8 15 
33 25 67 17 70 96 67 77 95 17 
50 17 46 26 25 58 35 70 88 58 
93 81 83 81 33 27 8 95 80 12 
15 68 53 57 30 5 75 40 48 88 
23 69 11 89 38 53 23 7 63 23 
33 21 18 70 34 99 77 93 85 84 
36 80 10 40 57 19 95 2 53 31 
82 48 52 99 76 17 72 23 89 8 
31 88 67 92 66 59 7 59 1 52 

46 93 71 5 84 59 40 47 42 31 
15 9 2 37 31 84 63 1 97 47 
72 50 5 24 88 60 50 30 41 11 
62 55 76 60 18 7 65 7 6 22 
90 51 3 48 53 69 6 41 36 56 
12 97 73 99 87 26 7 74 15 7 
82 36 57 71 82 0 95 23 54 99 
0 24 7 70 73 43 57 97 8 60 
52 88 62 67 37 63 96 97 89 30 
96 71 4 72 92 6 96 91 9 28 

29 36 82 81 52 38 37 6 81 58 
62 18 63 69 72 72 92 79 94 50 
76 99 50 60 83 9 35 55 94 24 
26 72 56 97 15 1 40 58 57 77 
88 89 19 75 73 31 47 23 6 54 
24 14 7 6 42 8 22 58 93 54 
84 19 41 35 66 70 48 6 60 23 
48 36 28 64 80 40 8 48 5 98 
76 66 56 83 37 70 37 12 53 39 
98 3 43 9 39 72 27 44 64 51 

86 91 31 93 31 23 15 40 29 7 
56 88 22 70 63 40 98 77 38 19 
6 2 72 32 92 74 22 88 98 31 
36 63 6 17 14 17 82 93 67 59 
16 64 51 84 68 63 43 91 70 98 
48 8 39 88 79 70 37 34 91 90 
90 16 31 34 68 89 52 99 51 2 
87 25 10 66 34 65 62 9 89 99 
28 73 90 76 12 23 54 28 64 22 
55 27 69 62 33 67 6 46 65 41 

4 81 16 26 60 84 37 84 0 17 
12 51 77 66 23 76 23 37 71 24 
12 98 72 8 80 58 13 62 10 38 
39 12 24 6 12 30 91 78 62 87 
15 39 6 72 86 1 76 92 14 99 
32 56 61 38 73 70 23 69 62 50 
3 26 17 32 20 11 65 28 1 2 
44 15 33 2 78 48 56 13 44 58 
82 21 36 74 19 16 53 84 71 87 
90 83 62 73 46 75 52 76 97 81 


31 32 32 76 6 5 50 96 89 71 
4 16 94 0 46 59 31 67 12 71 
10 68 21 73 37 98 94 1 58 31 
34 86 86 33 48 22 85 71 58 69 
92 88 85 26 42 52 51 94 44 93 
83 55 57 28 22 10 17 4 91 98 
39 61 40 84 34 29 92 91 62 16 
68 2 80 40 36 8 92 69 29 69 
83 86 34 77 0 32 24 54 92 28 
36 59 59 12 34 56 83 46 23 65 

73 44 35 55 44 59 24 60 51 76 
58 55 79 59 81 78 26 4 72 41 
47 0 23 59 84 11 19 36 72 53 
23 60 57 63 76 97 60 50 9 61 
96 40 44 66 75 22 54 52 98 92 
23 1 38 19 13 45 5 78 13 18 
20 38 26 90 57 51 76 16 56 66 
67 32 96 26 10 97 88 9 78 43 
85 16 50 28 71 81 57 15 27 14 
90 72 50 97 84 64 86 83 16 48 

9 29 94 71 91 14 0 64 71 79 
6 29 79 82 79 86 11 6 64 82 
66 41 35 16 19 18 94 71 63 20 
39 34 26 59 21 98 89 5 96 87 
21 46 4 41 74 13 72 67 91 40 
71 3 77 89 33 94 33 74 9 60 
80 0 24 2 45 31 33 80 94 89 
49 86 23 75 27 67 60 64 86 51 
13 99 68 62 1 42 34 37 88 41 
0 26 27 97 61 48 83 25 78 66 

38 34 36 81 87 43 82 48 64 26 
97 3 73 84 68 35 10 31 96 74 
87 71 90 83 68 83 36 50 20 66 
88 47 75 48 96 7 43 57 54 92 
3 93 67 1 30 79 21 69 10 71 
44 41 14 73 92 43 94 86 84 0 
59 36 58 80 27 26 35 58 71 69 
50 10 53 57 40 3 40 32 97 19 
69 47 18 57 90 4 91 84 66 34 
50 7 30 93 8 56 63 37 61 22 

73 91 44 13 20 69 90 65 20 51 
23 10 63 19 94 28 71 83 99 30 
97 94 28 59 69 80 22 31 42 13 
96 55 13 87 87 35 69 23 92 49 
49 7 24 8 93 54 15 62 51 44 
71 27 13 41 37 71 23 9 21 17 
43 8 36 38 24 79 65 39 9 40 
26 37 42 1 68 81 46 69 64 70 
93 35 8 41 10 68 45 90 5 54 
13 85 29 94 66 34 18 70 0 47 

45 51 26 29 84 56 23 61 0 50 
24 25 59 24 60 74 91 96 67 48 
13 2 98 40 71 16 28 41 90 98 
40 59 51 49 85 22 7 34 88 56 
69 58 66 36 68 10 12 40 77 81 
92 12 80 56 25 31 37 96 92 64 
71 21 96 98 55 40 88 98 3 89 
19 27 14 12 59 19 54 18 53 29 
1 60 74 9 66 58 23 94 60 95 
86 3 6 43 90 73 94 84 96 46 

96 0 42 60 4 75 22 82 3 41 
98 89 51 61 72 62 68 44 8 18 
12 54 75 64 63 24 75 6 44 26 
30 88 3 62 89 76 25 88 72 30 
13 0 25 67 29 37 82 11 62 50 
5 56 13 86 53 24 75 7 87 21 
68 29 88 40 17 5 73 56 10 76 
62 35 29 42 69 86 26 43 7 68 
78 98 39 42 0 69 22 4 99 73 
15 9 26 60 88 61 6 22 17 98 

34 83 24 13 35 43 49 43 57 12 
36 64 84 91 3 22 9 51 93 61 
54 82 61 30 81 68 67 11 23 8 
44 69 87 43 88 13 14 97 74 98 
21 77 50 95 95 5 85 48 98 5 
49 28 19 38 56 4 54 69 74 83 
19 64 14 28 56 50 57 68 7 73 
47 92 11 11 29 10 86 4 38 64 
66 52 96 3 84 18 54 37 75 54 
46 4 90 84 40 75 66 34 53 69 

14 20 1 37 10 32 55 93 44 26 
30 96 81 63 20 75 24 7 58 54 
36 29 75 41 1 9 21 32 39 93 
33 99 16 35 3 95 81 88 99 80 
49 36 46 28 68 98 90 11 55 33 
88 3 56 78 20 8 0 43 17 36 
93 87 83 94 96 2 11 58 96 75 
47 90 32 45 57 35 68 38 72 95 
63 57 54 94 4 70 5 2 98 87 
34 10 96 58 85 41 6 27 18 14 

43 78 49 90 33 7 4 73 70 25 
89 57 69 8 58 66 12 5 30 13 
78 82 41 87 39 20 83 29 13 96 
12 76 59 90 30 52 27 42 94 84 
47 66 85 87 85 74 45 26 37 46 
19 27 37 18 55 17 59 37 79 48 
11 13 29 65 55 37 63 24 90 84 
50 52 84 58 65 79 85 36 36 85 
14 22 91 29 94 78 66 5 71 18 
74 64 47 26 55 79 37 98 1 61 


45 91 22 66 12 82 87 98 52 69 
39 28 3 57 9 3 11 70 42 27 
25 46 9 98 73 20 69 41 78 28 
70 46 29 66 56 30 56 98 25 30 
65 62 2 58 55 71 21 10 37 25 
22 80 88 47 75 11 79 78 30 13 
26 14 54 1 52 38 39 57 48 41 
34 20 30 99 87 49 50 13 91 48 
94 71 8 12 85 37 10 38 8 5 
2 10 22 61 90 61 0 21 13 21 

39 22 68 42 2 72 5 61 58 45 
35 89 43 0 96 58 32 89 45 76 
82 56 83 19 95 46 75 70 97 78 
95 34 21 79 7 18 57 81 47 38 
69 25 71 66 21 66 33 96 76 25 
83 76 22 85 11 64 11 81 40 54 
44 78 25 35 1 88 57 77 75 53 
89 70 11 86 51 13 18 76 17 97 
24 4 54 13 48 19 36 90 45 0 
21 95 9 35 87 45 21 45 35 57 

76 72 19 65 43 65 82 4 84 18 
23 34 69 72 89 91 59 35 30 98 
17 89 24 91 36 83 28 8 49 5 
14 60 64 7 95 19 69 12 6 5 
68 54 10 98 94 1 52 34 57 62 
48 65 93 15 84 42 13 1 10 82 
54 65 45 74 46 8 21 15 3 14 
3 92 56 91 44 75 60 5 44 61 
20 36 94 8 86 37 83 57 74 10 
25 68 30 44 57 17 78 70 9 74 

6 37 44 33 47 88 33 11 34 38 
64 20 12 18 73 18 7 21 54 21 
50 27 18 47 97 95 44 59 9 31 
74 62 8 33 38 17 16 24 86 90 
9 0 4 63 88 96 95 44 46 66 
83 77 31 37 73 4 16 41 63 34 
50 14 45 48 39 28 2 26 7 3 
95 67 64 84 64 32 53 59 9 90 
79 75 28 19 18 20 83 77 0 27 
32 31 58 84 54 19 97 67 49 13 

61 32 77 96 72 93 35 90 19 64 
4 59 30 80 16 98 83 26 41 89 
98 69 59 78 37 3 77 96 40 91 
25 87 73 20 88 79 44 71 12 33 
43 43 51 84 19 0 18 53 5 57 
35 83 88 34 55 2 56 22 89 2 
35 5 46 48 37 96 45 52 85 38 
6 90 41 25 24 91 34 68 59 32 
25 21 12 7 11 38 41 35 98 13 
40 37 53 7 73 61 73 20 7 83 

77 40 7 1 36 83 23 2 25 41 
2 96 36 12 95 13 74 43 81 90 
63 45 93 15 9 20 62 90 36 41 
51 8 60 58 99 62 73 2 59 36 
78 84 24 39 29 43 87 9 54 93 
67 69 15 58 40 95 2 59 5 38 
82 19 37 22 48 98 71 8 38 13 
61 49 91 94 58 36 19 62 36 48 
0 53 65 62 28 86 36 10 95 81 
89 97 76 65 96 50 12 24 68 85 

62 91 6 83 57 58 33 55 67 74 
86 64 83 27 75 1 35 92 45 46 
91 1 60 38 77 43 41 13 48 28 
57 17 73 86 89 25 89 9 83 81 
11 76 88 81 83 64 39 33 95 83 
57 68 86 52 76 83 61 96 49 91 
39 25 41 42 34 24 37 42 74 46 
79 94 40 94 20 26 93 89 14 26 
13 92 46 79 80 75 6 3 12 40 
35 44 70 66 22 85 94 90 15 65 

98 6 62 55 59 59 14 75 94 25 
86 3 91 26 67 53 84 74 21 24 
29 79 44 32 1 54 20 72 55 70 
42 93 87 76 1 93 88 25 79 70 
20 20 86 56 43 68 55 63 33 3 
43 16 20 64 3 84 63 68 1 43 
3 33 25 53 39 44 56 14 53 80 
18 36 25 31 81 74 89 47 55 24 
60 29 80 44 26 95 46 78 88 50 
87 57 84 43 8 38 88 36 14 54 

10 37 85 79 28 98 58 96 64 85 
58 45 94 67 14 50 75 84 7 37 
97 7 42 1 94 83 14 3 61 70 
43 56 11 30 57 58 54 14 20 59 
6 70 22 34 43 64 76 57 13 10 
59 77 37 67 58 75 69 90 71 79 
32 53 68 99 3 4 81 80 24 79 
26 51 52 42 69 89 69 61 58 71 
22 27 8 26 11 70 64 36 67 91 
53 42 28 12 69 3 10 99 42 6 

84 43 50 17 11 59 45 86 9 63 
85 74 49 69 51 49 4 36 25 24 
17 52 89 88 41 81 70 26 80 15 
71 71 9 81 64 74 93 97 69 33 
89 88 21 83 62 85 15 12 16 63 
3 15 68 83 49 99 34 3 54 9 
37 53 3 80 10 53 85 15 84 42 
19 76 80 61 18 54 64 11 24 40 
87 1 13 77 18 34 12 43 42 79 
74 19 93 10 74 4 95 85 25 9 


33 33 59 37 32 66 54 49 20 68 
62 7 82 70 6 56 79 84 70 92 
94 9 47 99 69 13 92 93 64 35 
98 61 84 68 71 57 70 65 28 37 
83 33 75 51 93 14 81 21 25 72 
50 65 51 43 46 80 35 6 91 7 
47 80 1 45 43 27 98 19 75 80 
94 56 26 97 23 58 29 50 92 62 
13 33 34 65 18 88 58 47 58 7 
0 3 56 12 48 35 68 29 25 16 

39 61 0 35 56 39 59 89 47 15 
80 61 24 3 84 45 28 26 18 39 
55 82 73 34 26 68 52 7 72 78 
81 85 82 90 24 27 59 49 33 57 
33 70 7 62 87 93 67 82 93 54 
53 0 42 1 85 39 83 55 86 27 
61 46 50 30 4 64 17 73 17 88 
32 72 89 63 97 1 62 40 79 59 
7 92 39 36 44 11 4 96 63 20 
1 24 72 79 38 86 13 74 48 13 

87 20 11 36 80 92 82 49 84 58 
71 72 27 89 8 71 82 90 64 73 
35 31 85 23 13 95 82 22 17 88 
18 25 54 46 94 16 88 50 31 94 
59 34 9 2 19 5 53 42 98 79 
64 78 94 30 55 74 66 8 16 55 
5 29 94 18 64 42 44 84 1 20 
39 23 55 85 93 59 4 61 64 96 
29 8 10 68 7 68 34 56 74 61 
34 70 65 89 63 58 75 69 12 50 

29 70 62 53 71 56 91 48 10 86 
27 17 68 92 80 3 61 74 55 11 
46 84 51 45 74 87 33 7 95 33 
42 86 66 82 39 48 66 26 69 30 
8 96 74 94 56 49 67 6 99 7 
86 28 92 73 31 57 73 84 62 73 
9 68 10 14 67 0 28 58 36 87 
87 58 2 64 24 34 60 61 29 31 
48 2 13 2 47 68 85 0 72 56 
2 81 94 36 22 24 3 99 42 17 

42 76 67 20 93 87 67 13 63 89 
20 55 43 40 60 74 47 83 79 6 
31 71 14 64 85 62 18 82 77 98 
84 40 28 99 78 84 3 61 92 95 
31 87 80 15 44 46 38 12 14 26 
21 7 69 42 97 43 48 82 52 37 
62 76 22 71 52 34 11 98 13 94 
82 91 72 10 74 24 83 41 89 98 
14 15 77 7 58 53 43 23 21 43 
85 35 67 77 94 51 60 34 84 80 

47 86 29 9 47 1 71 4 66 99 
9 20 21 12 0 51 78 41 51 14 
6 34 4 72 71 34 26 55 62 4 
63 62 96 5 6 97 86 94 69 65 
41 26 7 66 52 31 29 9 97 25 
85 19 6 14 35 73 32 96 80 60 
85 99 85 93 26 41 93 35 30 32 
33 42 4 8 54 20 60 6 32 83 
70 22 36 67 10 84 8 65 69 52 
94 15 96 3 21 90 62 6 21 69 

29 32 84 2 23 29 79 24 17 7 
66 81 62 32 18 72 59 85 53 0 
47 47 77 58 51 37 67 3 63 18 
40 28 98 94 58 32 76 35 3 53 
63 28 13 12 18 57 24 10 4 26 
52 71 90 86 52 51 82 97 11 24 
92 41 19 91 8 89 28 41 71 15 
71 42 98 0 1 44 58 63 36 5 
76 57 59 26 30 5 7 58 38 20 
87 86 49 74 7 34 78 39 94 19 

58 29 23 76 50 1 60 82 88 98 
40 31 29 59 40 0 54 17 69 42 
41 8 83 62 50 72 97 12 78 50 
1 70 83 36 84 75 75 78 25 34 
52 70 14 28 6 63 32 67 24 20 
35 85 83 20 55 89 65 62 46 72 
21 65 73 21 88 62 42 85 15 38 
13 82 91 10 39 94 21 17 96 48 
85 12 61 56 55 99 26 51 30 59 
95 81 69 67 89 53 77 53 63 67 

9 39 51 5 3 50 69 18 30 55 
52 46 26 72 13 12 9 62 45 42 
83 98 76 95 54 29 63 40 79 31 
55 19 98 76 0 91 63 87 10 97 
37 74 6 90 30 81 69 53 85 11 
0 20 48 2 94 74 30 32 67 25 
0 87 59 38 23 82 8 87 14 15 
45 44 43 15 3 60 98 25 41 6 
69 39 94 86 20 22 96 44 47 1 
51 5 62 59 98 71 57 45 89 64 

37 26 57 24 29 6 92 81 94 61 
61 60 42 22 41 40 77 64 88 90 
18 49 59 16 27 99 61 59 69 35 
72 40 46 87 97 4 25 30 41 42 
28 9 5 93 2 36 61 27 37 42 
95 53 5 9 34 66 45 51 97 76 
30 26 44 98 72 67 92 40 8 95 
52 8 89 99 9 90 91 82 73 69 
25 65 62 70 6 69 31 60 89 11 
87 41 69 18 56 40 77 55 62 13 